-,-,-,-,-,-
-0.001796,0.002169,-0.002560,-0.001113,-0.001305,-0.000410
-0.009548,0.013793,-0.013349,-0.005794,-0.007560,-0.001468
-0.028151,0.041921,-0.033373,-0.015586,-0.022425,-0.003517
-0.060530,0.086652,-0.053802,-0.026675,-0.042661,-0.006658
-0.104509,0.137943,-0.066936,-0.032227,-0.058969,-0.010994
-0.150267,0.180725,-0.072686,-0.027870,-0.062709,-0.014854
-0.186562,0.205090,-0.075134,-0.014279,-0.050172,-0.015611
-0.207267,0.210439,-0.079130,0.004745,-0.022839,-0.013124
-0.211751,0.202060,-0.087190,0.025458,0.014237,-0.009999
-0.202033,0.185416,-0.099273,0.044967,0.054451,-0.008945
-0.179983,0.164408,-0.114266,0.061065,0.090770,-0.011196
-0.148507,0.144275,-0.128159,0.072925,0.116869,-0.016976
-0.113092,0.128729,-0.135913,0.080097,0.129577,-0.025827
-0.079813,0.115496,-0.138952,0.080706,0.130373,-0.036073
-0.052147,0.100469,-0.145503,0.073350,0.123393,-0.045080
-0.030114,0.082782,-0.162212,0.059895,0.112109,-0.050018
-0.012206,0.064577,-0.188806,0.044426,0.098448,-0.048875
0.002892,0.048857,-0.219779,0.030774,0.083695,-0.041715
0.016151,0.037543,-0.249081,0.021686,0.068970,-0.030473
0.028074,0.030158,-0.272852,0.018367,0.055256,-0.017330
0.038522,0.024494,-0.288870,0.019998,0.043281,-0.003770
0.047304,0.018308,-0.296092,0.024477,0.033289,0.009333
0.054610,0.010598,-0.294909,0.029767,0.024858,0.021405
0.060354,0.002053,-0.287042,0.034918,0.016949,0.032028
0.063502,-0.007841,-0.275479,0.039920,0.008670,0.040560
0.063502,-0.022480,-0.263664,0.044126,0.000106,0.045492
0.061281,-0.042982,-0.253856,0.045540,-0.008294,0.045091
0.056579,-0.064560,-0.246659,0.042352,-0.016632,0.039486
0.046893,-0.081649,-0.242142,0.034425,-0.024562,0.031285
0.031949,-0.093984,-0.242433,0.022840,-0.030080,0.023181
0.016585,-0.104056,-0.251134,0.008863,-0.031271,0.015680
0.006507,-0.110267,-0.265609,-0.006293,-0.029018,0.008075
0.002630,-0.107798,-0.276580,-0.021036,-0.026042,0.000451
0.001578,-0.095334,-0.278533,-0.033171,-0.024072,-0.006375
0.000344,-0.076768,-0.273425,-0.040747,-0.023399,-0.011529
-0.002114,-0.057732,-0.266310,-0.043353,-0.023840,-0.014254
-0.006578,-0.042320,-0.261274,-0.042459,-0.025053,-0.014483
-0.013974,-0.031690,-0.259689,-0.040730,-0.026616,-0.013167
-0.023918,-0.023800,-0.260492,-0.040887,-0.028332,-0.011556
-0.034669,-0.014474,-0.261210,-0.044054,-0.030210,-0.010220
-0.044939,-0.000479,-0.259457,-0.048904,-0.032028,-0.008877
-0.054258,0.017967,-0.254287,-0.052837,-0.033272,-0.007092
-0.062107,0.037682,-0.246582,-0.054467,-0.034403,-0.004503
-0.067863,0.055079,-0.237867,-0.055054,-0.038445,-0.000360
-0.072938,0.068649,-0.228228,-0.056665,-0.049053,0.005634
-0.081989,0.080226,-0.217161,-0.059185,-0.065417,0.011979
-0.098065,0.093435,-0.205388,-0.060077,-0.081702,0.016527
-0.118822,0.109394,-0.192256,-0.057064,-0.092527,0.018492
-0.139983,0.125877,-0.174349,-0.050329,-0.096080,0.018176
-0.159521,0.141026,-0.149900,-0.041477,-0.092650,0.015782
-0.178132,0.154288,-0.121968,-0.031340,-0.082926,0.011675
-0.196268,0.164353,-0.096739,-0.019848,-0.067135,0.006881
-0.209829,0.168887,-0.079960,-0.007558,-0.046262,0.002565
-0.211486,0.166362,-0.073798,0.003258,-0.025254,-0.000539
-0.199097,0.158281,-0.075400,0.009615,-0.012403,-0.002370
-0.179328,0.149028,-0.078511,0.010414,-0.013486,-0.003740
-0.161434,0.142202,-0.077595,0.007580,-0.028081,-0.006003
-0.152543,0.137431,-0.070271,0.004151,-0.051693,-0.009846
-0.157231,0.132201,-0.056466,0.001592,-0.078004,-0.014313
-0.174327,0.126181,-0.037074,-0.000416,-0.099202,-0.017869
-0.195357,0.121420,-0.013730,-0.002096,-0.109023,-0.020105
-0.211676,0.118934,0.011026,-0.002890,-0.106868,-0.020972
-0.221888,0.117583,0.034512,-0.002568,-0.096388,-0.019727
-0.228220,0.115938,0.054921,-0.001561,-0.080717,-0.016447
-0.230547,0.113904,0.071047,-0.000147,-0.061639,-0.012523
-0.228513,0.112211,0.081856,0.001664,-0.041396,-0.008793
-0.224360,0.110992,0.086890,0.003528,-0.021982,-0.005162
-0.220935,0.110259,0.086571,0.004866,-0.003389,-0.001786
-0.219369,0.110915,0.081956,0.005818,0.016052,0.000695
-0.219603,0.113188,0.074107,0.007495,0.037775,0.001851
-0.220979,0.115696,0.063119,0.010680,0.061139,0.001763
-0.221795,0.117384,0.047505,0.015066,0.083499,0.000641
-0.219943,0.117772,0.025570,0.020084,0.101825,-0.001227
-0.213850,0.115646,-0.002350,0.024800,0.113526,-0.002916
-0.203699,0.110838,-0.033413,0.027368,0.117017,-0.003204
-0.193040,0.106140,-0.063255,0.026648,0.112916,-0.002075
-0.186797,0.104081,-0.087854,0.023641,0.104402,-0.001002
-0.186006,0.103647,-0.106415,0.019862,0.095750,-0.001540
-0.186568,0.102713,-0.122791,0.015919,0.089736,-0.003892
-0.183857,0.101155,-0.142392,0.012609,0.086265,-0.006850
-0.175676,0.099527,-0.166546,0.011015,0.083522,-0.009231
-0.161256,0.097185,-0.190712,0.011151,0.079777,-0.010651
-0.141066,0.093592,-0.209355,0.012245,0.074679,-0.010918
-0.117806,0.087414,-0.219439,0.012850,0.070133,-0.009233
-0.095381,0.076238,-0.219532,0.008657,0.069176,-0.003874
-0.076148,0.065622,-0.212475,-0.004266,0.071538,0.005278
-0.060725,0.068635,-0.205991,-0.020879,0.072252,0.014193
-0.049012,0.088103,-0.206508,-0.030147,0.068472,0.018370
-0.039000,0.113267,-0.215277,-0.027031,0.062756,0.017539
-0.026726,0.131704,-0.228406,-0.015378,0.057817,0.014616
-0.009941,0.135567,-0.239495,-0.002293,0.053631,0.011855
0.009707,0.125557,-0.244406,0.007113,0.048763,0.009263
0.028856,0.110323,-0.244031,0.011474,0.042410,0.006492
0.044675,0.097552,-0.242562,0.012025,0.036136,0.004100
0.056450,0.089257,-0.242660,0.010780,0.032869,0.002322
0.065977,0.085360,-0.243194,0.009371,0.033719,0.000710
0.075665,0.085842,-0.241640,0.008544,0.036445,-0.000836
0.086116,0.088966,-0.237255,0.008299,0.037284,-0.001900
0.095497,0.091540,-0.231903,0.008467,0.033972,-0.002138
0.101992,0.091687,-0.228003,0.008746,0.026856,-0.001465
0.105535,0.089719,-0.226484,0.008569,0.017915,-0.000053
0.106896,0.086760,-0.226811,0.007587,0.009409,0.001647
0.107019,0.083895,-0.227872,0.006022,0.002864,0.003169
0.106769,0.081974,-0.228727,0.004427,-0.001348,0.004365
0.106277,0.081012,-0.229250,0.003499,-0.003478,0.005429
0.105147,0.080115,-0.230310,0.004063,-0.003469,0.006687
0.104033,0.078245,-0.232815,0.006565,-0.001007,0.008441
0.104704,0.074684,-0.236231,0.010388,0.003396,0.010646
0.107983,0.069203,-0.238742,0.014043,0.008295,0.012480
0.113158,0.062184,-0.239153,0.016132,0.012396,0.012809
0.118834,0.054577,-0.237350,0.015928,0.014838,0.011168
0.123845,0.047872,-0.233433,0.013372,0.014844,0.008000
0.127505,0.043492,-0.228542,0.009485,0.012149,0.004389
0.129187,0.041722,-0.225224,0.006163,0.007765,0.001583
0.129016,0.041772,-0.224892,0.004453,0.003640,0.000228
0.128448,0.042549,-0.226538,0.003981,0.001031,0.000191
0.128771,0.043015,-0.228433,0.004058,-0.000306,0.001087
0.129596,0.042568,-0.229226,0.004036,-0.001172,0.002399
0.129839,0.041280,-0.228463,0.003018,-0.002009,0.003420
0.129398,0.039579,-0.227376,0.000290,-0.002713,0.003860
0.129063,0.037832,-0.226978,-0.004128,-0.002638,0.004115
0.129760,0.036341,-0.225810,-0.009993,-0.001623,0.004262
0.132662,0.035852,-0.222202,-0.017809,-0.001238,0.003505
0.137750,0.038401,-0.216764,-0.028399,-0.003615,0.001433
0.141956,0.046674,-0.211499,-0.041058,-0.009020,-0.001117
0.141607,0.060945,-0.208410,-0.053128,-0.015727,-0.002960
0.135494,0.078163,-0.208105,-0.061995,-0.021772,-0.003596
0.124800,0.095294,-0.209026,-0.066561,-0.026025,-0.003293
-,-,-,-,-,-
0.000883,0.001895,-0.004267,-0.000302,-0.000369,-0.000140
0.005757,0.011889,-0.023578,-0.000962,-0.001267,-0.000037
0.015736,0.033394,-0.063960,-0.002164,-0.002462,0.000249
0.028475,0.061898,-0.116549,-0.003214,-0.002228,0.000867
0.041839,0.090070,-0.167828,-0.003309,0.000355,0.002102
0.055421,0.112805,-0.209144,-0.001909,0.003993,0.004232
0.067721,0.126463,-0.236722,0.001337,0.006951,0.007434
0.076418,0.129401,-0.250120,0.005773,0.008687,0.011360
0.081098,0.123661,-0.251685,0.009516,0.009699,0.014587
0.083588,0.113953,-0.246731,0.011464,0.010956,0.015479
0.086057,0.104436,-0.241379,0.012540,0.013558,0.013494
0.089680,0.097257,-0.238184,0.014177,0.018291,0.009340
0.094817,0.093072,-0.235300,0.016675,0.024641,0.004652
0.101077,0.090958,-0.231183,0.019276,0.030848,0.001086
0.107376,0.089176,-0.227401,0.021253,0.035695,-0.001004
0.112763,0.086370,-0.225254,0.022733,0.039239,-0.002720
0.118407,0.081930,-0.223443,0.023916,0.041817,-0.005428
0.127711,0.076936,-0.220378,0.023950,0.043454,-0.008995
0.141090,0.073313,-0.215521,0.021873,0.043610,-0.011474
0.154424,0.071351,-0.208685,0.017776,0.040986,-0.011069
0.164233,0.069784,-0.200853,0.012318,0.034374,-0.007706
0.169919,0.067535,-0.194822,0.006252,0.024250,-0.002841
0.172500,0.064617,-0.192732,0.000584,0.013150,0.001617
0.173527,0.062047,-0.193438,-0.003749,0.003709,0.004277
0.174208,0.061068,-0.194294,-0.006477,-0.003154,0.004786
0.174422,0.062026,-0.194456,-0.007866,-0.007730,0.003738
0.173118,0.064008,-0.194291,-0.008386,-0.010687,0.001963
0.170115,0.065973,-0.193696,-0.008676,-0.013362,0.000026
0.166370,0.067792,-0.192981,-0.009310,-0.017624,-0.001695
0.162640,0.069821,-0.193738,-0.010565,-0.024782,-0.002927
0.158255,0.071890,-0.197493,-0.012467,-0.034667,-0.003755
0.151342,0.073259,-0.203831,-0.014839,-0.045786,-0.004953
0.140430,0.074151,-0.210872,-0.017307,-0.056373,-0.007667
0.125373,0.076544,-0.217541,-0.019389,-0.064999,-0.012201
0.106659,0.081843,-0.223927,-0.020687,-0.070523,-0.017510
0.085181,0.089307,-0.230006,-0.021055,-0.072364,-0.022277
0.062803,0.097650,-0.235310,-0.020609,-0.070944,-0.025898
0.041489,0.106217,-0.239425,-0.019743,-0.067437,-0.028280
0.022000,0.114507,-0.242426,-0.018919,-0.062480,-0.029276
0.004315,0.121621,-0.244228,-0.018184,-0.055619,-0.028912
-0.010866,0.126872,-0.243730,-0.017434,-0.046952,-0.027832
-0.022641,0.130691,-0.239754,-0.017054,-0.038313,-0.026694
-0.032165,0.133749,-0.232178,-0.017532,-0.031900,-0.025514
-0.041775,0.136146,-0.222176,-0.018785,-0.028734,-0.024145
-0.052009,0.138219,-0.211770,-0.020669,-0.029063,-0.022840
-0.061993,0.140776,-0.201988,-0.023671,-0.033139,-0.021911
-0.072513,0.144427,-0.192448,-0.027896,-0.039783,-0.021321
-0.085922,0.149312,-0.183413,-0.031846,-0.044708,-0.020881
-0.101775,0.154644,-0.176215,-0.033132,-0.043002,-0.020376
-0.116152,0.158576,-0.171616,-0.029753,-0.033219,-0.019473
-0.126229,0.160562,-0.169028,-0.020392,-0.018142,-0.017752
-0.131549,0.162063,-0.166709,-0.004393,-0.002840,-0.014745
-0.132834,0.162742,-0.162271,0.017049,0.008064,-0.010068
-0.131398,0.159061,-0.155192,0.039549,0.013237,-0.004134
-0.127728,0.147456,-0.149407,0.057387,0.015487,0.000826
-0.121741,0.127686,-0.151361,0.066994,0.018496,0.001531
-0.113478,0.103197,-0.164836,0.068215,0.022996,-0.003372
-0.103939,0.078321,-0.186561,0.063558,0.027983,-0.011777
-0.095003,0.056603,-0.209049,0.056733,0.033227,-0.019871
-0.086569,0.041191,-0.228212,0.051131,0.037140,-0.024502
-0.077376,0.032938,-0.242973,0.048564,0.036031,-0.023939
-0.068169,0.029399,-0.251205,0.048161,0.029281,-0.017613
-0.061164,0.027557,-0.252049,0.046282,0.019714,-0.006798
-0.057908,0.025529,-0.248500,0.038757,0.007119,0.004742
-0.056751,0.023104,-0.242999,0.024584,-0.008778,0.013053
-0.053670,0.020681,-0.234850,0.007370,-0.020417,0.016548
-0.049228,0.017532,-0.225861,-0.007265,-0.019747,0.015326
-0.048489,0.014098,-0.220390,-0.015551,-0.007768,0.010229
-0.052245,0.013039,-0.219682,-0.017249,0.010137,0.002905
-0.056058,0.014899,-0.223095,-0.014526,0.029902,-0.004852
-0.055170,0.016608,-0.232520,-0.010055,0.047029,-0.011753
-0.047341,0.015186,-0.250336,-0.005827,0.055090,-0.016943
-0.034466,0.010409,-0.272651,-0.002818,0.050418,-0.019916
-0.021173,0.004740,-0.290103,-0.001201,0.036113,-0.020785
-0.012854,0.001012,-0.291825,-0.000715,0.020612,-0.020249
-0.010821,0.003948,-0.267250,-0.000807,0.012113,-0.018524
-0.008089,0.018645,-0.218650,-0.000849,0.010946,-0.014903
0.000527,0.038597,-0.170852,-0.000604,0.011477,-0.009506
0.011051,0.049867,-0.150721,-0.000246,0.010384,-0.003993
0.018178,0.047706,-0.162809,0.000031,0.007717,0.000077
0.020450,0.036521,-0.194224,0.000169,0.004454,0.002202
0.018916,0.022474,-0.229540,0.000184,0.001563,0.002661
0.015493,0.010415,-0.257832,0.000122,-0.000407,0.002085
0.011889,0.002706,-0.274543,0.000028,-0.001362,0.001118
0.009170,-0.000505,-0.280326,-0.000061,-0.001521,0.000221
0.007716,-0.000395,-0.278646,-0.000125,-0.001218,-0.000372
0.007373,0.001421,-0.273504,-0.000156,-0.000762,-0.000626
0.007709,0.003590,-0.268042,-0.000159,-0.000362,-0.000620
0.008296,0.005332,-0.264040,-0.000142,-0.000113,-0.000474
0.008861,0.006344,-0.262019,-0.000117,-0.000021,-0.000292
0.009252,0.006653,-0.261667,-0.000090,-0.000043,-0.000139
0.009423,0.006497,-0.262321,-0.000070,-0.000121,-0.000045
0.009419,0.006163,-0.263336,-0.000062,-0.000209,-0.000010
0.009315,0.005829,-0.264272,-0.000069,-0.000275,-0.000016
0.009187,0.005555,-0.264912,-0.000081,-0.000310,-0.000043
0.009118,0.005363,-0.265225,-0.000091,-0.000314,-0.000075
0.009147,0.005268,-0.265270,-0.000099,-0.000301,-0.000105
0.009212,0.005281,-0.265149,-0.000105,-0.000282,-0.000124
0.009228,0.005381,-0.264995,-0.000111,-0.000264,-0.000127
0.009203,0.005510,-0.264916,-0.000116,-0.000246,-0.000121
0.009185,0.005606,-0.264940,-0.000115,-0.000232,-0.000115
0.009169,0.005627,-0.265008,-0.000106,-0.000224,-0.000112
0.009132,0.005579,-0.265042,-0.000096,-0.000221,-0.000110
0.009092,0.005514,-0.264999,-0.000093,-0.000222,-0.000108
0.009068,0.005469,-0.264901,-0.000096,-0.000229,-0.000108
0.009052,0.005453,-0.264810,-0.000101,-0.000240,-0.000109
0.009036,0.005476,-0.264794,-0.000106,-0.000248,-0.000114
0.009025,0.005537,-0.264881,-0.000108,-0.000252,-0.000122
0.009026,0.005586,-0.265028,-0.000108,-0.000254,-0.000127
0.009064,0.005581,-0.265149,-0.000109,-0.000254,-0.000126
0.009168,0.005560,-0.265188,-0.000111,-0.000252,-0.000121
0.009308,0.005578,-0.265133,-0.000115,-0.000250,-0.000112
0.009400,0.005631,-0.264998,-0.000117,-0.000247,-0.000102
0.009410,0.005665,-0.264845,-0.000117,-0.000244,-0.000098
0.009367,0.005671,-0.264758,-0.000115,-0.000243,-0.000100
0.009289,0.005675,-0.264770,-0.000113,-0.000247,-0.000107
0.009166,0.005662,-0.264846,-0.000113,-0.000255,-0.000114
0.009031,0.005603,-0.264931,-0.000115,-0.000264,-0.000119
0.008963,0.005529,-0.264977,-0.000118,-0.000269,-0.000120
0.008997,0.005504,-0.264963,-0.000118,-0.000269,-0.000115
0.009076,0.005553,-0.264912,-0.000117,-0.000263,-0.000107
0.009128,0.005639,-0.264872,-0.000118,-0.000251,-0.000102
0.009123,0.005694,-0.264846,-0.000122,-0.000236,-0.000101
0.009077,0.005676,-0.264814,-0.000129,-0.000223,-0.000103
0.009033,0.005589,-0.264772,-0.000137,-0.000217,-0.000105
0.009016,0.005474,-0.264736,-0.000145,-0.000220,-0.000106
0.009031,0.005379,-0.264704,-0.000147,-0.000229,-0.000107
0.009065,0.005319,-0.264665,-0.000138,-0.000239,-0.000109
-,-,-,-,-,-
0.000010,-0.000056,-0.004946,-0.000153,-0.000157,-0.000154
0.000798,0.000422,-0.027756,-0.000145,-0.000165,-0.000151
0.002484,0.001469,-0.076607,-0.000127,-0.000184,-0.000144
0.004717,0.002904,-0.141717,-0.000106,-0.000210,-0.000133
0.006866,0.004324,-0.204877,-0.000091,-0.000233,-0.000123
0.008497,0.005393,-0.252628,-0.000082,-0.000250,-0.000115
0.009476,0.005988,-0.280071,-0.000080,-0.000257,-0.000109
0.009880,0.006171,-0.289445,-0.000079,-0.000254,-0.000105
0.009887,0.006071,-0.286743,-0.000080,-0.000245,-0.000104
0.009703,0.005830,-0.278502,-0.000083,-0.000235,-0.000105
0.009476,0.005585,-0.269803,-0.000089,-0.000231,-0.000108
0.009273,0.005429,-0.263526,-0.000098,-0.000233,-0.000108
0.009133,0.005384,-0.260485,-0.000109,-0.000238,-0.000106
0.009088,0.005427,-0.260116,-0.000118,-0.000243,-0.000106
0.009129,0.005527,-0.261306,-0.000123,-0.000246,-0.000111
0.009192,0.005628,-0.262982,-0.000121,-0.000246,-0.000119
0.009237,0.005663,-0.264399,-0.000116,-0.000240,-0.000126
0.009268,0.005630,-0.265256,-0.000111,-0.000233,-0.000131
0.009285,0.005580,-0.265576,-0.000104,-0.000227,-0.000133
0.009278,0.005567,-0.265501,-0.000100,-0.000224,-0.000133
0.009250,0.005603,-0.265219,-0.000107,-0.000225,-0.000130
0.009192,0.005667,-0.264921,-0.000122,-0.000229,-0.000127
0.009108,0.005732,-0.264730,-0.000135,-0.000238,-0.000125
0.009038,0.005766,-0.264676,-0.000140,-0.000247,-0.000121
0.009007,0.005743,-0.264716,-0.000135,-0.000256,-0.000117
0.009009,0.005666,-0.264783,-0.000127,-0.000264,-0.000113
0.009045,0.005571,-0.264836,-0.000122,-0.000270,-0.000110
0.009124,0.005499,-0.264839,-0.000121,-0.000270,-0.000109
0.009216,0.005470,-0.264779,-0.000122,-0.000266,-0.000108
0.009252,0.005487,-0.264697,-0.000127,-0.000260,-0.000107
0.009207,0.005533,-0.264643,-0.000133,-0.000252,-0.000107
0.009125,0.005593,-0.264646,-0.000135,-0.000248,-0.000111
0.009048,0.005664,-0.264709,-0.000126,-0.000252,-0.000117
0.008989,0.005728,-0.264796,-0.000111,-0.000259,-0.000123
0.008968,0.005745,-0.264838,-0.000100,-0.000261,-0.000125
0.009003,0.005699,-0.264815,-0.000098,-0.000257,-0.000121
0.009055,0.005620,-0.264781,-0.000101,-0.000251,-0.000114
0.009081,0.005572,-0.264782,-0.000107,-0.000246,-0.000105
0.009086,0.005584,-0.264801,-0.000112,-0.000240,-0.000095
0.009082,0.005621,-0.264813,-0.000115,-0.000235,-0.000088
0.009088,0.005658,-0.264805,-0.000116,-0.000236,-0.000086
0.009139,0.005685,-0.264782,-0.000116,-0.000244,-0.000089
0.009233,0.005674,-0.264751,-0.000116,-0.000254,-0.000097
0.009307,0.005610,-0.264718,-0.000114,-0.000264,-0.000108
0.009316,0.005534,-0.264671,-0.000111,-0.000272,-0.000116
0.009273,0.005504,-0.264603,-0.000102,-0.000278,-0.000118
0.009198,0.005525,-0.264543,-0.000090,-0.000282,-0.000111
0.009111,0.005581,-0.264518,-0.000080,-0.000282,-0.000100
0.009075,0.005651,-0.264544,-0.000076,-0.000273,-0.000095
0.009134,0.005704,-0.264606,-0.000079,-0.000257,-0.000098
0.009238,0.005726,-0.264659,-0.000085,-0.000239,-0.000105
0.009325,0.005734,-0.264678,-0.000091,-0.000228,-0.000112
0.009367,0.005744,-0.264669,-0.000095,-0.000224,-0.000117
0.009336,0.005756,-0.264636,-0.000097,-0.000225,-0.000122
0.009231,0.005738,-0.264600,-0.000100,-0.000228,-0.000126
0.009130,0.005672,-0.264606,-0.000108,-0.000232,-0.000131
0.009114,0.005596,-0.264654,-0.000117,-0.000238,-0.000135
0.009169,0.005552,-0.264694,-0.000125,-0.000250,-0.000136
0.009223,0.005545,-0.264685,-0.000128,-0.000266,-0.000132
0.009244,0.005561,-0.264656,-0.000127,-0.000278,-0.000124
0.009239,0.005597,-0.264658,-0.000121,-0.000279,-0.000114
0.009212,0.005648,-0.264704,-0.000109,-0.000274,-0.000103
0.009163,0.005687,-0.264770,-0.000096,-0.000267,-0.000095
0.009127,0.005678,-0.264828,-0.000088,-0.000263,-0.000090
0.009128,0.005625,-0.264848,-0.000084,-0.000260,-0.000088
0.009126,0.005567,-0.264799,-0.000083,-0.000259,-0.000087
0.009091,0.005544,-0.264690,-0.000083,-0.000257,-0.000087
0.009044,0.005573,-0.264568,-0.000087,-0.000253,-0.000091
0.009025,0.005656,-0.264480,-0.000092,-0.000251,-0.000098
0.009061,0.005744,-0.264446,-0.000095,-0.000252,-0.000106
0.009157,0.005762,-0.264479,-0.000095,-0.000253,-0.000111
0.009269,0.005691,-0.264587,-0.000094,-0.000257,-0.000113
0.009333,0.005585,-0.264737,-0.000092,-0.000261,-0.000111
0.009328,0.005505,-0.264863,-0.000094,-0.000262,-0.000104
0.009283,0.005486,-0.264913,-0.000103,-0.000260,-0.000096
0.009208,0.005527,-0.264871,-0.000115,-0.000258,-0.000092
0.009121,0.005582,-0.264771,-0.000123,-0.000256,-0.000094
0.009070,0.005605,-0.264677,-0.000123,-0.000252,-0.000096
0.009081,0.005600,-0.264637,-0.000116,-0.000251,-0.000096
0.009138,0.005607,-0.264651,-0.000107,-0.000252,-0.000094
0.009207,0.005661,-0.264683,-0.000102,-0.000254,-0.000096
0.009267,0.005745,-0.264710,-0.000102,-0.000253,-0.000101
0.009299,0.005803,-0.264743,-0.000110,-0.000253,-0.000108
0.009289,0.005809,-0.264777,-0.000122,-0.000252,-0.000117
0.009256,0.005789,-0.264779,-0.000132,-0.000250,-0.000127
0.009231,0.005757,-0.264743,-0.000131,-0.000244,-0.000133
0.009223,0.005702,-0.264681,-0.000116,-0.000239,-0.000132
0.009225,0.005645,-0.264598,-0.000095,-0.000237,-0.000122
0.009234,0.005612,-0.264501,-0.000076,-0.000238,-0.000109
0.009248,0.005603,-0.264422,-0.000067,-0.000240,-0.000098
0.009262,0.005614,-0.264405,-0.000067,-0.000242,-0.000094
0.009275,0.005642,-0.264443,-0.000072,-0.000243,-0.000097
0.009301,0.005668,-0.264493,-0.000081,-0.000246,-0.000103
0.009344,0.005685,-0.264552,-0.000089,-0.000248,-0.000108
0.009369,0.005718,-0.264644,-0.000094,-0.000247,-0.000110
0.009360,0.005765,-0.264741,-0.000097,-0.000246,-0.000109
0.009327,0.005777,-0.264791,-0.000096,-0.000242,-0.000108
0.009263,0.005737,-0.264782,-0.000093,-0.000237,-0.000107
0.009185,0.005665,-0.264726,-0.000088,-0.000238,-0.000107
0.009150,0.005583,-0.264661,-0.000086,-0.000247,-0.000107
0.009169,0.005526,-0.264641,-0.000086,-0.000257,-0.000106
0.009198,0.005512,-0.264664,-0.000091,-0.000265,-0.000103
0.009195,0.005528,-0.264692,-0.000101,-0.000269,-0.000099
0.009142,0.005567,-0.264703,-0.000111,-0.000272,-0.000096
0.009060,0.005635,-0.264700,-0.000117,-0.000275,-0.000095
0.008999,0.005724,-0.264696,-0.000115,-0.000276,-0.000099
0.008990,0.005794,-0.264702,-0.000109,-0.000278,-0.000107
0.009022,0.005802,-0.264724,-0.000103,-0.000279,-0.000114
0.009068,0.005750,-0.264742,-0.000099,-0.000281,-0.000119
0.009115,0.005688,-0.264735,-0.000098,-0.000282,-0.000121
0.009149,0.005653,-0.264720,-0.000102,-0.000283,-0.000122
0.009152,0.005654,-0.264719,-0.000107,-0.000283,-0.000122
0.009124,0.005667,-0.264730,-0.000110,-0.000281,-0.000118
0.009089,0.005663,-0.264746,-0.000112,-0.000275,-0.000110
0.009076,0.005616,-0.264762,-0.000111,-0.000268,-0.000103
0.009085,0.005529,-0.264781,-0.000109,-0.000261,-0.000100
0.009102,0.005440,-0.264812,-0.000109,-0.000257,-0.000101
0.009133,0.005402,-0.264861,-0.000113,-0.000254,-0.000106
0.009181,0.005447,-0.264929,-0.000116,-0.000253,-0.000114
0.009223,0.005553,-0.265002,-0.000116,-0.000254,-0.000121
0.009247,0.005652,-0.265048,-0.000116,-0.000256,-0.000122
0.009271,0.005689,-0.265026,-0.000116,-0.000260,-0.000115
0.009295,0.005665,-0.264923,-0.000117,-0.000266,-0.000105
0.009308,0.005620,-0.264770,-0.000121,-0.000272,-0.000099
0.009300,0.005583,-0.264629,-0.000127,-0.000275,-0.000100
0.009255,0.005550,-0.264570,-0.000134,-0.000276,-0.000106
0.009164,0.005512,-0.264586,-0.000135,-0.000277,-0.000111
0.009069,0.005480,-0.264620,-0.000129,-0.000282,-0.000113
-,-,-,-,-,-
0.000043,0.000625,-0.005496,-0.001591,0.000011,0.000011
-0.001868,0.005105,-0.029672,-0.008148,-0.000156,0.000060
-0.010810,0.016839,-0.078294,-0.021275,-0.003117,-0.002124
-0.025569,0.036234,-0.139313,-0.037140,-0.012414,-0.008184
-0.038836,0.059186,-0.197481,-0.050787,-0.030340,-0.015810
-0.046594,0.082144,-0.243332,-0.058015,-0.056912,-0.021736
-0.054043,0.108591,-0.268767,-0.052893,-0.091062,-0.025162
-0.073548,0.136998,-0.265880,-0.032368,-0.127613,-0.026358
-0.107531,0.150007,-0.233994,-0.004031,-0.154103,-0.025615
-0.144973,0.136755,-0.186178,0.018561,-0.161133,-0.023455
-0.177698,0.109107,-0.138374,0.026594,-0.151477,-0.021086
-0.203299,0.086838,-0.096834,0.019612,-0.132718,-0.020066
-0.221243,0.079277,-0.064409,0.004352,-0.108933,-0.020748
-0.232502,0.081006,-0.043994,-0.009959,-0.082339,-0.022534
-0.237927,0.082887,-0.033184,-0.018575,-0.056661,-0.024375
-0.238467,0.081300,-0.025579,-0.022383,-0.035752,-0.024326
-0.236652,0.076799,-0.016682,-0.023785,-0.020757,-0.021287
-0.235933,0.071513,-0.006813,-0.023874,-0.009759,-0.016701
-0.237584,0.066617,0.001004,-0.021889,0.000255,-0.013057
-0.239480,0.060790,0.004041,-0.017115,0.010596,-0.011678
-0.239390,0.052999,0.001214,-0.010949,0.019861,-0.012372
-0.237718,0.044788,-0.006285,-0.005650,0.026054,-0.014109
-0.235677,0.038058,-0.016020,-0.002367,0.028522,-0.015579
-0.233458,0.032934,-0.025811,-0.001221,0.027543,-0.015881
-0.231265,0.028622,-0.034166,-0.002015,0.023585,-0.014956
-0.230285,0.024704,-0.040292,-0.004165,0.017470,-0.013281
-0.232138,0.021493,-0.043855,-0.006496,0.010839,-0.011352
-0.236596,0.019229,-0.045262,-0.007982,0.005651,-0.009556
-0.240829,0.017275,-0.045900,-0.008586,0.002817,-0.008248
-0.242686,0.015178,-0.047053,-0.008748,0.001797,-0.007525
-0.242730,0.013423,-0.048724,-0.008583,0.001689,-0.007121
-0.242236,0.012404,-0.049973,-0.008039,0.002124,-0.006764
-0.241316,0.011856,-0.050192,-0.007212,0.002958,-0.006357
-0.239875,0.011275,-0.049612,-0.006225,0.003682,-0.005849
-0.239111,0.010295,-0.048933,-0.005129,0.003819,-0.005222
-0.240062,0.008962,-0.048815,-0.003999,0.003666,-0.004605
-0.241515,0.007634,-0.049436,-0.002859,0.003836,-0.004155
-0.241590,0.006661,-0.050641,-0.001631,0.004345,-0.003858
-0.240267,0.006023,-0.052127,-0.000339,0.004841,-0.003661
-0.238809,0.005310,-0.053629,0.000731,0.005267,-0.003688
-0.237997,0.004161,-0.055268,0.001346,0.005787,-0.004093
-0.237800,0.002667,-0.057308,0.001649,0.006240,-0.004759
-0.237748,0.001333,-0.059766,0.001993,0.005976,-0.005198
-0.237326,0.000187,-0.062155,0.002645,0.004366,-0.004850
-0.236235,-0.001402,-0.063674,0.003509,0.001345,-0.003607
-0.234303,-0.003140,-0.063979,0.004039,-0.002636,-0.001902
-0.232176,-0.003634,-0.062905,0.003673,-0.006965,-0.000267
-0.231662,-0.002614,-0.059819,0.002438,-0.010904,0.000909
-0.233964,-0.001410,-0.054722,0.000938,-0.013461,0.001392
-0.238371,-0.001147,-0.049051,-0.000279,-0.013786,0.001243
-0.242859,-0.001800,-0.044583,-0.001089,-0.011874,0.000818
-0.245403,-0.002601,-0.042155,-0.001592,-0.008632,0.000490
-0.245303,-0.002919,-0.041472,-0.001960,-0.005188,0.000356
-0.243173,-0.002772,-0.041926,-0.002405,-0.002274,0.000213
-0.240136,-0.002603,-0.043007,-0.002990,-0.000304,-0.000165
-0.237760,-0.002804,-0.044032,-0.003460,0.000407,-0.000728
-0.237651,-0.003390,-0.044348,-0.003454,-0.000109,-0.001141
-0.240039,-0.004094,-0.043929,-0.002902,-0.001236,-0.001048
-0.243063,-0.004622,-0.043232,-0.002143,-0.002167,-0.000378
-0.244339,-0.004358,-0.042380,-0.001589,-0.002502,0.000569
-0.243287,-0.002844,-0.041077,-0.001312,-0.002329,0.001365
-0.241342,-0.000888,-0.039301,-0.001121,-0.001901,0.001724
-0.240183,0.000112,-0.037635,-0.000863,-0.001357,0.001575
-0.240453,-0.000332,-0.036816,-0.000491,-0.000763,0.001101
-0.241790,-0.001570,-0.037150,-0.000039,-0.000289,0.000695
-0.243203,-0.002706,-0.038375,0.000357,-0.000122,0.000678
-0.243822,-0.003171,-0.039774,0.000469,-0.000243,0.000997
-0.243666,-0.002503,-0.040565,0.000176,-0.000359,0.001321
-0.243097,-0.000717,-0.040505,-0.000365,-0.000116,0.001359
-0.242044,0.001280,-0.039987,-0.000870,0.000541,0.001011
-0.240561,0.002458,-0.039651,-0.001132,0.001235,0.000417
-0.239398,0.002470,-0.039925,-0.001094,0.001500,-0.000126
-0.239183,0.001690,-0.040811,-0.000866,0.001284,-0.000402
-0.239515,0.000857,-0.041979,-0.000688,0.000896,-0.000410
-0.239569,0.000680,-0.042867,-0.000743,0.000525,-0.000278
-0.239242,0.001351,-0.042900,-0.000969,0.000141,-0.000153
-0.239055,0.002211,-0.042004,-0.001123,-0.000214,-0.000148
-0.239264,0.002322,-0.040820,-0.001052,-0.000414,-0.000296
-0.239962,0.001472,-0.040170,-0.000775,-0.000467,-0.000485
-0.241243,0.000117,-0.040413,-0.000407,-0.000440,-0.000539
-0.242500,-0.001130,-0.041261,-0.000144,-0.000368,-0.000390
-0.242895,-0.001579,-0.041970,-0.000143,-0.000323,-0.000130
-0.242520,-0.000924,-0.041904,-0.000326,-0.000285,0.000097
-0.241849,0.000227,-0.041201,-0.000455,-0.000129,0.000198
-0.241014,0.000821,-0.040589,-0.000433,0.000104,0.000156
-0.240488,0.000525,-0.040543,-0.000338,0.000208,0.000041
-0.240806,-0.000110,-0.041037,-0.000237,0.000105,-0.000006
-0.241451,-0.000489,-0.041787,-0.000189,-0.000071,0.000099
-0.241399,-0.000173,-0.042452,-0.000260,-0.000181,0.000272
-0.240445,0.000908,-0.042794,-0.000410,-0.000252,0.000354
-0.239430,0.002025,-0.042725,-0.000522,-0.000331,0.000247
-0.239217,0.002300,-0.042398,-0.000541,-0.000368,-0.000038
-0.240065,0.001652,-0.042049,-0.000491,-0.000390,-0.000352
-0.241665,0.000636,-0.041752,-0.000426,-0.000444,-0.000500
-0.243101,-0.000147,-0.041464,-0.000423,-0.000445,-0.000408
-0.243332,-0.000121,-0.041131,-0.000501,-0.000315,-0.000163
-0.242085,0.000944,-0.040775,-0.000566,-0.000147,0.000070
-0.240286,0.002433,-0.040443,-0.000512,-0.000063,0.000141
-0.239203,0.003225,-0.040258,-0.000306,-0.000042,0.000012
-0.239385,0.002676,-0.040494,-0.000004,-0.000052,-0.000211
-0.240755,0.001101,-0.041237,0.000252,-0.000114,-0.000346
-0.242565,-0.000607,-0.042197,0.000306,-0.000175,-0.000274
-0.243545,-0.001459,-0.042902,0.000100,-0.000170,-0.000040
-0.243111,-0.000915,-0.042980,-0.000269,-0.000138,0.000188
-0.241797,0.000545,-0.042468,-0.000597,-0.000138,0.000260
-0.240536,0.001754,-0.041758,-0.000706,-0.000183,0.000126
-0.240218,0.002030,-0.041220,-0.000550,-0.000276,-0.000115
-0.241097,0.001491,-0.041084,-0.000240,-0.000381,-0.000270
-0.242345,0.000576,-0.041379,0.000020,-0.000434,-0.000210
-0.242886,-0.000005,-0.041862,0.000085,-0.000405,0.000029
-0.242387,0.000357,-0.042187,-0.000039,-0.000296,0.000285
-0.241212,0.001532,-0.042189,-0.000216,-0.000152,0.000385
-0.240030,0.002636,-0.041983,-0.000279,-0.000066,0.000278
-0.239645,0.002799,-0.041789,-0.000186,-0.000078,0.000058
-0.240439,0.001955,-0.041864,-0.000056,-0.000141,-0.000128
-0.241802,0.000749,-0.042313,-0.000031,-0.000201,-0.000147
-0.242555,0.000039,-0.042766,-0.000143,-0.000210,0.000007
-0.242044,0.000443,-0.042764,-0.000308,-0.000173,0.000175
-0.240730,0.001767,-0.042305,-0.000419,-0.000150,0.000212
-0.239591,0.002956,-0.041667,-0.000422,-0.000165,0.000079
-0.239420,0.003236,-0.041102,-0.000296,-0.000225,-0.000175
-0.240564,0.002648,-0.040918,-0.000033,-0.000323,-0.000389
-0.242353,0.001506,-0.041383,0.000232,-0.000361,-0.000405
-0.243391,0.000444,-0.042257,0.000295,-0.000271,-0.000251
-0.243055,0.000417,-0.042910,0.000142,-0.000126,-0.000068
-0.241741,0.001572,-0.043043,-0.000056,-0.000023,0.000046
-0.240217,0.002799,-0.042830,-0.000184,-0.000023,0.000030
-0.239468,0.003036,-0.042622,-0.000217,-0.000134,-0.000104
-,-,-,-,-,-
-0.004539,-0.000036,-0.000890,-0.000152,-0.000137,-0.000156
-0.025228,0.000485,-0.004511,-0.000131,-0.000060,-0.000174
-0.069162,0.001422,-0.012554,-0.000060,0.000040,-0.000258
-0.127491,0.002225,-0.023618,0.000075,0.000053,-0.000449
-0.184380,0.002240,-0.034645,0.000241,-0.000027,-0.000709
-0.228035,0.001292,-0.043232,0.000328,-0.000129,-0.000926
-0.253727,-0.000087,-0.048153,0.000217,-0.000276,-0.001016
-0.263145,-0.001086,-0.049321,-0.000061,-0.000528,-0.000948
-0.261743,-0.001370,-0.047775,-0.000334,-0.000787,-0.000739
-0.255323,-0.001074,-0.045201,-0.000464,-0.000858,-0.000453
-0.247933,-0.000369,-0.043102,-0.000426,-0.000724,-0.000158
-0.241883,0.000597,-0.042137,-0.000285,-0.000503,0.000089
-0.238057,0.001593,-0.042225,-0.000148,-0.000273,0.000239
-0.236292,0.002370,-0.042952,-0.000092,-0.000128,0.000267
-0.236235,0.002768,-0.043718,-0.000113,-0.000128,0.000189
-0.237317,0.002652,-0.044117,-0.000187,-0.000210,0.000050
-0.238635,0.002159,-0.044154,-0.000286,-0.000348,-0.000101
-0.239723,0.001667,-0.043966,-0.000337,-0.000517,-0.000238
-0.240590,0.001265,-0.043650,-0.000318,-0.000601,-0.000356
-0.241146,0.000842,-0.043329,-0.000286,-0.000568,-0.000460
-0.241386,0.000378,-0.043123,-0.000271,-0.000513,-0.000524
-0.241494,-0.000097,-0.043115,-0.000255,-0.000453,-0.000500
-0.241492,-0.000497,-0.043270,-0.000245,-0.000356,-0.000381
-0.241363,-0.000622,-0.043448,-0.000246,-0.000255,-0.000225
-0.241128,-0.000397,-0.043586,-0.000238,-0.000172,-0.000075
-0.240783,0.000056,-0.043656,-0.000232,-0.000136,0.000037
-0.240540,0.000637,-0.043590,-0.000220,-0.000179,0.000076
-0.240693,0.001137,-0.043429,-0.000160,-0.000246,0.000046
-0.241106,0.001298,-0.043373,-0.000078,-0.000254,-0.000003
-0.241353,0.001189,-0.043566,-0.000030,-0.000248,-0.000033
-0.241397,0.001065,-0.043886,-0.000023,-0.000268,-0.000031
-0.241288,0.001048,-0.044211,-0.000064,-0.000262,-0.000008
-0.240817,0.001222,-0.044506,-0.000124,-0.000233,-0.000009
-0.240127,0.001572,-0.044635,-0.000125,-0.000209,-0.000061
-0.239658,0.001794,-0.044602,-0.000067,-0.000186,-0.000142
-0.239602,0.001664,-0.044585,-0.000035,-0.000187,-0.000224
-0.239918,0.001303,-0.044518,-0.000051,-0.000227,-0.000295
-0.240443,0.000905,-0.044176,-0.000073,-0.000265,-0.000342
-0.241006,0.000532,-0.043640,-0.000082,-0.000285,-0.000358
-0.241629,0.000204,-0.043206,-0.000076,-0.000277,-0.000340
-0.242171,0.000046,-0.043003,-0.000051,-0.000212,-0.000292
-0.242207,0.000186,-0.042978,0.000004,-0.000123,-0.000230
-0.241740,0.000626,-0.043026,0.000102,-0.000059,-0.000180
-0.241065,0.001218,-0.043181,0.000230,0.000010,-0.000170
-0.240275,0.001738,-0.043492,0.000342,0.000091,-0.000211
-0.239482,0.002077,-0.043783,0.000419,0.000169,-0.000300
-0.238699,0.002247,-0.043914,0.000502,0.000292,-0.000426
-0.237672,0.002353,-0.044002,0.000683,0.000503,-0.000569
-0.236246,0.002644,-0.044155,0.001045,0.000833,-0.000678
-0.234713,0.003367,-0.044182,0.001633,0.001372,-0.000746
-0.233862,0.004078,-0.044096,0.002420,0.002127,-0.000945
-0.234644,0.003544,-0.044577,0.003142,0.002791,-0.001407
-0.237325,0.001315,-0.046108,0.003376,0.003051,-0.001933
-0.240807,-0.001631,-0.048094,0.002945,0.003049,-0.002165
-0.243218,-0.003975,-0.049535,0.002046,0.003149,-0.001941
-0.243115,-0.004773,-0.050022,0.001037,0.003527,-0.001347
-0.240484,-0.003891,-0.049623,0.000257,0.004165,-0.000576
-0.236631,-0.002050,-0.048693,-0.000009,0.005165,0.000230
-0.232255,-0.000030,-0.047385,-0.000123,0.007103,0.001050
-0.226672,0.002023,-0.045723,-0.001573,0.011293,0.001987
-0.220967,0.004094,-0.046537,-0.004697,0.019204,0.002816
-0.218671,0.005352,-0.053971,-0.006219,0.031046,0.002195
-0.220517,0.004609,-0.067363,-0.002234,0.045249,-0.001690
-0.223218,0.001419,-0.083328,0.007065,0.058938,-0.009409
-0.222812,-0.004346,-0.100300,0.018003,0.069350,-0.019352
-0.216371,-0.012549,-0.117097,0.026869,0.075058,-0.028125
-0.203723,-0.022281,-0.132529,0.031183,0.075420,-0.032146
-0.185724,-0.033374,-0.145524,0.029605,0.071580,-0.029240
-0.161401,-0.046360,-0.153499,0.020170,0.067620,-0.018671
-0.134445,-0.058156,-0.158668,-0.000127,0.066557,-0.000261
-0.116254,-0.060229,-0.174387,-0.026641,0.066571,0.022053
-0.114315,-0.047846,-0.207554,-0.045510,0.064904,0.038225
-0.123889,-0.029276,-0.243234,-0.049823,0.062073,0.041448
-0.132478,-0.015832,-0.264038,-0.043401,0.058178,0.033752
-0.131493,-0.007502,-0.268250,-0.030428,0.050892,0.020813
-0.122786,0.002491,-0.262498,-0.014697,0.040095,0.008323
-0.111811,0.015254,-0.252260,-0.001065,0.029477,0.000273
-0.100627,0.025166,-0.242080,0.007350,0.022880,-0.002620
-0.089496,0.027906,-0.236803,0.010273,0.020999,-0.001891
-0.079368,0.024426,-0.238009,0.009272,0.021869,0.000456
-0.070230,0.018676,-0.243046,0.006258,0.024031,0.002386
-0.061131,0.014534,-0.248066,0.002636,0.028038,0.001966
-0.053154,0.013045,-0.248507,-0.000647,0.035731,-0.001411
-0.045038,0.011969,-0.239253,-0.003715,0.047451,-0.005900
-0.030805,0.009218,-0.218728,-0.007547,0.058026,-0.008134
-0.007051,0.006997,-0.198560,-0.010981,0.059483,-0.006381
0.025164,0.009510,-0.200099,-0.011226,0.049411,-0.002296
0.057530,0.015468,-0.229171,-0.007997,0.033015,0.001335
0.076244,0.019448,-0.270000,-0.003579,0.017176,0.003168
0.075682,0.019341,-0.303706,-0.000183,0.005627,0.003313
0.061034,0.016589,-0.319306,0.001386,-0.000915,0.002434
0.040970,0.012945,-0.316290,0.001543,-0.003398,0.001226
0.022801,0.009667,-0.301724,0.001018,-0.003383,0.000183
0.010461,0.007527,-0.283969,0.000356,-0.002250,-0.000468
0.004667,0.006663,-0.269129,-0.000149,-0.000963,-0.000712
0.003997,0.006726,-0.259975,-0.000408,-0.000025,-0.000660
0.006230,0.007249,-0.256464,-0.000452,0.000419,-0.000462
0.009308,0.007821,-0.256968,-0.000364,0.000452,-0.000242
0.011850,0.008164,-0.259471,-0.000229,0.000254,-0.000076
0.013268,0.008190,-0.262318,-0.000114,-0.000005,0.000011
0.013624,0.008005,-0.264514,-0.000037,-0.000232,0.000025
0.013338,0.007851,-0.265699,0.000020,-0.000415,-0.000011
0.012902,0.007936,-0.265996,0.000134,-0.000636,-0.000074
0.012536,0.008173,-0.265740,0.000476,-0.001109,-0.000137
0.011860,0.008184,-0.265205,0.001016,-0.001800,-0.000170
0.010697,0.007905,-0.264684,0.001426,-0.002303,-0.000151
0.009915,0.007883,-0.264509,0.001593,-0.002494,-0.000089
0.009850,0.009176,-0.264885,0.001696,-0.002603,0.000053
0.009650,0.012342,-0.265792,0.001867,-0.002798,0.000166
0.009546,0.015426,-0.266695,0.002032,-0.002985,-0.000323
0.010652,0.015734,-0.266931,0.001950,-0.002857,-0.001759
0.012408,0.013751,-0.266463,0.001542,-0.002312,-0.003525
0.013072,0.012019,-0.265696,0.000969,-0.001560,-0.004560
0.011960,0.011706,-0.265042,0.000424,-0.000856,-0.004222
0.009692,0.012283,-0.264725,0.000025,-0.000354,-0.002652
0.007267,0.012541,-0.264715,-0.000197,-0.000080,-0.000551
0.005783,0.010963,-0.264851,-0.000275,0.000012,0.001305
0.006047,0.006728,-0.265007,-0.000262,-0.000019,0.002402
0.008028,0.000860,-0.265121,-0.000211,-0.000110,0.002718
0.010867,-0.004140,-0.265193,-0.000158,-0.000211,0.002585
0.013050,-0.006036,-0.265270,-0.000119,-0.000287,0.002224
0.013501,-0.004515,-0.265311,-0.000099,-0.000325,0.001672
0.012529,-0.001051,-0.265224,-0.000096,-0.000328,0.001019
0.011041,0.002614,-0.265035,-0.000108,-0.000311,0.000424
0.009714,0.005393,-0.264845,-0.000123,-0.000290,-0.000005
0.008870,0.006924,-0.264747,-0.000127,-0.000272,-0.000238
0.008515,0.007348,-0.264765,-0.000120,-0.000263,-0.000306
0.008521,0.007035,-0.264830,-0.000107,-0.000260,-0.000273
-,-,-,-,-,-
0.000017,-0.000051,-0.004946,-0.000154,-0.000157,-0.000154
0.000841,0.000436,-0.027748,-0.000148,-0.000165,-0.000152
0.002601,0.001463,-0.076565,-0.000132,-0.000184,-0.000146
0.004921,0.002831,-0.141600,-0.000111,-0.000210,-0.000139
0.007125,0.004194,-0.204672,-0.000094,-0.000236,-0.000130
0.008755,0.005277,-0.252387,-0.000088,-0.000255,-0.000120
0.009688,0.005931,-0.279849,-0.000093,-0.000265,-0.000108
0.010014,0.006178,-0.289221,-0.000103,-0.000269,-0.000098
0.009927,0.006152,-0.286482,-0.000109,-0.000269,-0.000094
0.009665,0.006011,-0.278238,-0.000112,-0.000271,-0.000095
0.009427,0.005861,-0.269569,-0.000112,-0.000274,-0.000099
0.009298,0.005725,-0.263295,-0.000110,-0.000274,-0.000106
0.009251,0.005596,-0.260239,-0.000109,-0.000271,-0.000112
0.009221,0.005497,-0.259887,-0.000110,-0.000267,-0.000114
0.009193,0.005448,-0.261135,-0.000108,-0.000264,-0.000114
0.009203,0.005448,-0.262897,-0.000102,-0.000265,-0.000111
0.009276,0.005487,-0.264415,-0.000099,-0.000270,-0.000106
0.009392,0.005544,-0.265354,-0.000104,-0.000274,-0.000102
0.009493,0.005590,-0.265696,-0.000116,-0.000275,-0.000099
0.009531,0.005604,-0.265596,-0.000127,-0.000272,-0.000098
0.009499,0.005579,-0.265284,-0.000132,-0.000266,-0.000104
0.009412,0.005533,-0.264951,-0.000133,-0.000258,-0.000114
0.009305,0.005492,-0.264697,-0.000132,-0.000250,-0.000124
0.009227,0.005467,-0.264545,-0.000132,-0.000245,-0.000130
0.009209,0.005453,-0.264466,-0.000132,-0.000248,-0.000133
0.009252,0.005449,-0.264444,-0.000132,-0.000255,-0.000134
0.009324,0.005455,-0.264485,-0.000127,-0.000259,-0.000132
0.009381,0.005475,-0.264575,-0.000115,-0.000259,-0.000129
0.009400,0.005504,-0.264687,-0.000102,-0.000257,-0.000126
0.009395,0.005533,-0.264812,-0.000091,-0.000252,-0.000124
0.009369,0.005558,-0.264930,-0.000083,-0.000246,-0.000123
0.009323,0.005577,-0.265007,-0.000079,-0.000242,-0.000123
0.009294,0.005591,-0.265026,-0.000080,-0.000243,-0.000120
0.009303,0.005607,-0.265005,-0.000083,-0.000248,-0.000114
0.009322,0.005637,-0.264958,-0.000088,-0.000255,-0.000106
0.009307,0.005673,-0.264882,-0.000096,-0.000259,-0.000094
0.009238,0.005688,-0.264777,-0.000105,-0.000259,-0.000082
0.009139,0.005647,-0.264662,-0.000116,-0.000254,-0.000073
0.009067,0.005540,-0.264516,-0.000123,-0.000250,-0.000072
0.009067,0.005400,-0.264274,-0.000123,-0.000252,-0.000078
0.009129,0.005299,-0.263978,-0.000114,-0.000257,-0.000088
0.009201,0.005291,-0.263787,-0.000100,-0.000262,-0.000097
0.009234,0.005357,-0.263807,-0.000090,-0.000261,-0.000105
0.009231,0.005447,-0.264045,-0.000086,-0.000257,-0.000108
0.009226,0.005521,-0.264417,-0.000088,-0.000253,-0.000107
0.009212,0.005565,-0.264754,-0.000098,-0.000252,-0.000103
0.009163,0.005593,-0.264933,-0.000109,-0.000254,-0.000099
0.009096,0.005611,-0.264941,-0.000116,-0.000258,-0.000097
0.009043,0.005608,-0.264846,-0.000115,-0.000259,-0.000095
0.008996,0.005587,-0.264746,-0.000111,-0.000255,-0.000096
0.008943,0.005554,-0.264711,-0.000104,-0.000248,-0.000101
0.008909,0.005520,-0.264738,-0.000095,-0.000245,-0.000106
0.008922,0.005502,-0.264780,-0.000089,-0.000244,-0.000108
0.008967,0.005503,-0.264817,-0.000088,-0.000244,-0.000108
0.009017,0.005500,-0.264854,-0.000095,-0.000244,-0.000107
0.009063,0.005488,-0.264866,-0.000109,-0.000247,-0.000106
0.009097,0.005475,-0.264839,-0.000124,-0.000250,-0.000106
0.009107,0.005477,-0.264792,-0.000133,-0.000252,-0.000107
0.009093,0.005509,-0.264728,-0.000132,-0.000250,-0.000106
0.009070,0.005564,-0.264666,-0.000121,-0.000241,-0.000106
0.009071,0.005607,-0.264637,-0.000106,-0.000231,-0.000111
0.009117,0.005611,-0.264640,-0.000091,-0.000226,-0.000119
0.009181,0.005581,-0.264664,-0.000081,-0.000230,-0.000127
0.009234,0.005536,-0.264712,-0.000081,-0.000240,-0.000132
0.009280,0.005491,-0.264769,-0.000091,-0.000251,-0.000129
0.009319,0.005460,-0.264812,-0.000106,-0.000259,-0.000121
0.009344,0.005448,-0.264828,-0.000118,-0.000263,-0.000113
0.009354,0.005437,-0.264833,-0.000126,-0.000264,-0.000111
0.009343,0.005413,-0.264843,-0.000128,-0.000261,-0.000115
0.009309,0.005404,-0.264863,-0.000125,-0.000257,-0.000121
0.009274,0.005435,-0.264885,-0.000118,-0.000252,-0.000127
0.009256,0.005486,-0.264889,-0.000110,-0.000248,-0.000134
0.009230,0.005519,-0.264866,-0.000106,-0.000248,-0.000141
0.009174,0.005534,-0.264835,-0.000105,-0.000248,-0.000149
0.009107,0.005541,-0.264811,-0.000104,-0.000250,-0.000154
0.009065,0.005517,-0.264795,-0.000102,-0.000253,-0.000154
0.009066,0.005467,-0.264790,-0.000100,-0.000257,-0.000146
0.009104,0.005422,-0.264797,-0.000100,-0.000256,-0.000130
0.009171,0.005403,-0.264815,-0.000103,-0.000249,-0.000107
0.009256,0.005415,-0.264836,-0.000107,-0.000241,-0.000085
0.009335,0.005432,-0.264839,-0.000110,-0.000236,-0.000071
0.009370,0.005414,-0.264827,-0.000108,-0.000235,-0.000069
0.009333,0.005373,-0.264819,-0.000102,-0.000237,-0.000075
0.009244,0.005358,-0.264830,-0.000094,-0.000240,-0.000083
0.009159,0.005386,-0.264859,-0.000088,-0.000242,-0.000087
0.009121,0.005433,-0.264892,-0.000086,-0.000241,-0.000089
0.009119,0.005472,-0.264917,-0.000087,-0.000240,-0.000092
0.009122,0.005516,-0.264922,-0.000089,-0.000238,-0.000096
0.009104,0.005588,-0.264888,-0.000094,-0.000237,-0.000098
0.009056,0.005668,-0.264830,-0.000099,-0.000239,-0.000097
0.009012,0.005713,-0.264798,-0.000100,-0.000245,-0.000096
0.009030,0.005722,-0.264827,-0.000101,-0.000251,-0.000099
0.009122,0.005732,-0.264902,-0.000103,-0.000258,-0.000104
0.009257,0.005765,-0.264965,-0.000108,-0.000261,-0.000108
0.009392,0.005801,-0.264986,-0.000115,-0.000261,-0.000111
0.009483,0.005801,-0.264992,-0.000123,-0.000259,-0.000111
0.009507,0.005759,-0.264997,-0.000127,-0.000257,-0.000106
0.009479,0.005705,-0.264973,-0.000124,-0.000258,-0.000097
0.009425,0.005652,-0.264901,-0.000117,-0.000258,-0.000089
0.009367,0.005594,-0.264793,-0.000108,-0.000253,-0.000084
0.009336,0.005541,-0.264685,-0.000103,-0.000246,-0.000082
0.009342,0.005512,-0.264620,-0.000102,-0.000244,-0.000084
0.009361,0.005520,-0.264634,-0.000102,-0.000247,-0.000088
0.009356,0.005559,-0.264716,-0.000100,-0.000249,-0.000093
0.009309,0.005605,-0.264817,-0.000097,-0.000248,-0.000094
0.009225,0.005649,-0.264901,-0.000094,-0.000247,-0.000095
0.009119,0.005691,-0.264949,-0.000094,-0.000250,-0.000097
0.009020,0.005720,-0.264961,-0.000097,-0.000254,-0.000102
0.008962,0.005724,-0.264964,-0.000102,-0.000254,-0.000108
0.008980,0.005700,-0.264971,-0.000109,-0.000248,-0.000112
0.009079,0.005663,-0.264960,-0.000118,-0.000242,-0.000113
0.009233,0.005626,-0.264908,-0.000129,-0.000241,-0.000112
0.009384,0.005582,-0.264810,-0.000137,-0.000247,-0.000112
0.009479,0.005515,-0.264708,-0.000134,-0.000256,-0.000113
0.009497,0.005432,-0.264636,-0.000121,-0.000264,-0.000115
0.009441,0.005358,-0.264592,-0.000105,-0.000271,-0.000115
0.009341,0.005317,-0.264576,-0.000091,-0.000274,-0.000114
0.009241,0.005315,-0.264575,-0.000081,-0.000271,-0.000112
0.009173,0.005331,-0.264566,-0.000076,-0.000266,-0.000109
0.009149,0.005345,-0.264541,-0.000079,-0.000260,-0.000105
0.009161,0.005369,-0.264521,-0.000090,-0.000251,-0.000103
0.009182,0.005417,-0.264528,-0.000101,-0.000240,-0.000107
0.009198,0.005470,-0.264522,-0.000110,-0.000229,-0.000114
0.009208,0.005509,-0.264457,-0.000118,-0.000225,-0.000118
0.009223,0.005539,-0.264353,-0.000128,-0.000234,-0.000116
0.009245,0.005566,-0.264251,-0.000135,-0.000253,-0.000111
0.009257,0.005576,-0.264192,-0.000133,-0.000274,-0.000107
0.009242,0.005565,-0.264206,-0.000125,-0.000289,-0.000110
-,-,-,-,-,-
0.002990,0.000736,-0.003492,-0.000456,0.000381,-0.000431
0.018298,0.004976,-0.019210,-0.002010,0.003441,-0.001875
0.050901,0.014247,-0.052573,-0.005731,0.011222,-0.005262
0.092608,0.026863,-0.096812,-0.011449,0.022621,-0.010036
0.130729,0.038982,-0.139139,-0.017741,0.031721,-0.014360
0.158019,0.048475,-0.168564,-0.022973,0.032173,-0.016310
0.172202,0.056903,-0.180326,-0.026912,0.024952,-0.015233
0.175351,0.066400,-0.178132,-0.030333,0.018369,-0.012221
0.173577,0.076402,-0.169872,-0.033430,0.018531,-0.009178
0.173206,0.085762,-0.160920,-0.035827,0.024393,-0.007434
0.176555,0.095125,-0.152788,-0.036923,0.032764,-0.007014
0.182431,0.104874,-0.145142,-0.036303,0.043410,-0.006892
0.190051,0.113680,-0.135966,-0.034713,0.058261,-0.005936
0.199782,0.120259,-0.121971,-0.033491,0.077455,-0.003788
0.211016,0.124489,-0.100670,-0.032899,0.096952,-0.000880
0.221311,0.126602,-0.071560,-0.031876,0.111574,0.002229
0.228013,0.126543,-0.037536,-0.029159,0.119151,0.005211
0.230343,0.123939,-0.003417,-0.024849,0.118927,0.007568
0.229041,0.118927,0.028524,-0.020684,0.109716,0.008508
0.225888,0.113493,0.057590,-0.017856,0.091843,0.007477
0.223287,0.110374,0.082066,-0.015484,0.067159,0.004262
0.222318,0.110740,0.100576,-0.011795,0.037335,-0.001033
0.223682,0.114033,0.112058,-0.005675,0.003456,-0.007849
0.228252,0.118992,0.114938,0.002681,-0.033374,-0.015477
0.234814,0.124663,0.108294,0.011867,-0.070568,-0.023284
0.240448,0.130741,0.092349,0.020174,-0.103639,-0.030730
0.241494,0.137175,0.067978,0.026645,-0.128765,-0.037199
0.235595,0.143663,0.036460,0.031284,-0.145483,-0.041982
0.222945,0.149374,0.000130,0.034049,-0.155565,-0.044914
0.203596,0.154050,-0.037543,0.034495,-0.160750,-0.046365
0.177448,0.158444,-0.074075,0.032953,-0.162277,-0.046627
0.145394,0.162670,-0.108718,0.030262,-0.160509,-0.045820
0.108985,0.165916,-0.140031,0.026599,-0.155952,-0.044092
0.070671,0.168068,-0.165276,0.022275,-0.150277,-0.041846
0.032590,0.169428,-0.182718,0.018563,-0.144562,-0.039670
-0.004542,0.168913,-0.192605,0.016758,-0.138610,-0.037765
-0.040852,0.164987,-0.196379,0.017005,-0.132051,-0.035452
-0.075612,0.158413,-0.195369,0.018036,-0.123653,-0.031664
-0.105901,0.152141,-0.189845,0.018113,-0.110743,-0.026249
-0.128669,0.148094,-0.179584,0.016930,-0.091914,-0.020412
-0.143409,0.145399,-0.166013,0.016339,-0.068873,-0.015757
-0.151949,0.141812,-0.152476,0.018427,-0.044330,-0.013217
-0.156761,0.135679,-0.142415,0.023855,-0.020513,-0.012637
-0.159008,0.126520,-0.139528,0.032159,0.000285,-0.013274
-0.158670,0.114306,-0.145482,0.041542,0.016018,-0.014578
-0.155975,0.099497,-0.157489,0.049255,0.025922,-0.016127
-0.151527,0.083036,-0.172510,0.053656,0.030810,-0.017461
-0.146245,0.065187,-0.187740,0.054079,0.032804,-0.018351
-0.139914,0.047052,-0.198378,0.050054,0.033956,-0.018696
-0.131052,0.031118,-0.203022,0.043386,0.034809,-0.018496
-0.119936,0.017578,-0.205435,0.037512,0.036653,-0.018172
-0.107983,0.004515,-0.206955,0.032946,0.043764,-0.018431
-0.095165,-0.008127,-0.205011,0.028012,0.059924,-0.019698
-0.079604,-0.016072,-0.200707,0.023394,0.084490,-0.021790
-0.056223,-0.013519,-0.199608,0.020974,0.111597,-0.024129
-0.020278,-0.003236,-0.204589,0.020996,0.131430,-0.026447
0.024063,0.002599,-0.215817,0.023192,0.136734,-0.029094
0.067214,-0.003880,-0.234903,0.026576,0.127824,-0.032003
0.103986,-0.019937,-0.261465,0.028171,0.107733,-0.033458
0.132249,-0.038277,-0.288667,0.025336,0.077660,-0.030632
0.149257,-0.052903,-0.307273,0.018488,0.039743,-0.021900
0.153646,-0.060964,-0.312747,0.010384,-0.000741,-0.008629
0.146568,-0.062248,-0.306134,0.003521,-0.037365,0.005629
0.130498,-0.057890,-0.290957,-0.001029,-0.065132,0.017403
0.108227,-0.049768,-0.271891,-0.002899,-0.082235,0.024646
0.081847,-0.039659,-0.254366,-0.001807,-0.090763,0.026841
0.051734,-0.029275,-0.241950,0.002292,-0.094855,0.024952
0.017477,-0.022420,-0.234019,0.008597,-0.096477,0.021225
-0.018458,-0.022857,-0.229171,0.015207,-0.094250,0.018043
-0.050750,-0.030094,-0.227570,0.019820,-0.087499,0.016807
-0.076006,-0.040672,-0.228001,0.021020,-0.078610,0.017886
-0.093982,-0.050831,-0.228293,0.019269,-0.070660,0.020645
-0.106058,-0.057710,-0.228472,0.016094,-0.064827,0.023589
-0.114603,-0.060271,-0.229589,0.012074,-0.060529,0.025220
-0.122344,-0.059140,-0.230176,0.006587,-0.056930,0.024882
-0.131369,-0.055477,-0.226775,-0.000378,-0.053484,0.022984
-0.141287,-0.050229,-0.218495,-0.007504,-0.050204,0.020235
-0.150198,-0.044612,-0.207708,-0.013770,-0.047743,0.016739
-0.158953,-0.040040,-0.196253,-0.019353,-0.045852,0.012381
-0.170021,-0.036906,-0.185327,-0.024479,-0.042796,0.007727
-0.182211,-0.034331,-0.176443,-0.029077,-0.037596,0.003769
-0.192103,-0.031150,-0.168912,-0.033257,-0.031229,0.001023
-0.198903,-0.026833,-0.160688,-0.036846,-0.024838,-0.000715
-0.204439,-0.021656,-0.151493,-0.039391,-0.018647,-0.001778
-0.209446,-0.015834,-0.142697,-0.040552,-0.012800,-0.002105
-0.211834,-0.009390,-0.136778,-0.040542,-0.007227,-0.001869
-0.210729,-0.003024,-0.135205,-0.040881,-0.001230,-0.001828
-0.208694,0.002855,-0.135623,-0.042802,0.005300,-0.002270
-0.207461,0.009270,-0.134429,-0.044955,0.011272,-0.002707
-0.206281,0.017110,-0.131198,-0.044442,0.015495,-0.002719
-0.204349,0.025577,-0.128982,-0.039526,0.017549,-0.002254
-0.201683,0.032874,-0.131302,-0.031388,0.017956,-0.001436
-0.198693,0.038003,-0.138429,-0.023405,0.017665,-0.000509
-0.195781,0.041435,-0.147115,-0.017975,0.016770,0.000296
-0.193309,0.043802,-0.154430,-0.014664,0.014219,0.000992
-0.191716,0.045012,-0.159896,-0.011748,0.009236,0.001801
-0.190844,0.045166,-0.163525,-0.008389,0.002297,0.002870
-0.189681,0.045384,-0.163918,-0.004754,-0.005328,0.003997
-0.188224,0.046795,-0.159855,-0.000878,-0.011895,0.004656
-0.189076,0.049078,-0.152064,0.003512,-0.015083,0.004745
-0.194629,0.051006,-0.142540,0.008448,-0.012823,0.005103
-0.202397,0.051782,-0.134702,0.013301,-0.004402,0.006330
-0.206885,0.051114,-0.132836,0.016416,0.009602,0.007740
-0.205735,0.048947,-0.138790,0.016021,0.027190,0.008633
-0.198875,0.046066,-0.150846,0.012268,0.044166,0.009544
-0.185021,0.044425,-0.165892,0.007343,0.056047,0.010931
-0.164963,0.045390,-0.181719,0.003226,0.061395,0.011824
-0.143662,0.048124,-0.197603,0.000357,0.061251,0.011234
-0.125660,0.050765,-0.212527,-0.001570,0.056897,0.009749
-0.111576,0.052427,-0.224981,-0.002746,0.049845,0.008326
-0.100080,0.053397,-0.235019,-0.003390,0.041941,0.006847
-0.090838,0.054004,-0.243687,-0.004022,0.034810,0.004896
-0.084381,0.054638,-0.250198,-0.005327,0.029607,0.002739
-0.080784,0.056548,-0.251756,-0.007311,0.026991,0.001125
-0.078630,0.060764,-0.247973,-0.008642,0.027441,0.000563
-0.075439,0.066104,-0.242913,-0.008142,0.031226,0.000849
-0.069353,0.069949,-0.240202,-0.006244,0.037316,0.001517
-0.059407,0.070911,-0.240332,-0.003732,0.042704,0.002422
-0.046022,0.069286,-0.243469,-0.000756,0.043866,0.003662
-0.031250,0.066116,-0.249809,0.002303,0.038776,0.005233
-0.017435,0.063033,-0.257449,0.004592,0.027708,0.006674
-0.007323,0.061497,-0.263156,0.005630,0.013284,0.007279
-0.003337,0.061459,-0.265365,0.005761,-0.000616,0.006875
-0.004835,0.061475,-0.265317,0.005725,-0.011073,0.005822
-0.009276,0.060316,-0.265197,0.005873,-0.017351,0.004400
-0.015258,0.058078,-0.265909,0.005855,-0.020342,0.002874
-0.021885,0.055867,-0.266762,0.005102,-0.021680,0.001663
-0.028069,0.054918,-0.266375,0.003502,-0.023011,0.000985
-,-,-,-,-,-
-0.000511,-0.000089,-0.004805,-0.000152,-0.000877,-0.000158
-0.002294,0.000235,-0.027143,-0.000135,-0.004323,-0.000164
-0.006418,0.000912,-0.075698,-0.000096,-0.011915,-0.000137
-0.012943,0.001743,-0.141342,-0.000026,-0.022851,0.000016
-0.022070,0.002476,-0.204645,0.000087,-0.034869,0.000372
-0.034126,0.003134,-0.250149,0.000289,-0.045221,0.000960
-0.048206,0.003899,-0.273436,0.000604,-0.052014,0.001719
-0.062779,0.004751,-0.278586,0.000930,-0.055506,0.002379
-0.077043,0.005529,-0.271819,0.001094,-0.057465,0.002565
-0.090722,0.005906,-0.258619,0.001059,-0.059507,0.002194
-0.104223,0.005650,-0.242517,0.000957,-0.061866,0.001558
-0.118436,0.005320,-0.225482,0.000877,-0.063542,0.000953
-0.133229,0.005545,-0.209619,0.000775,-0.063858,0.000449
-0.147512,0.006121,-0.196381,0.000602,-0.063334,0.000018
-0.160673,0.006488,-0.185380,0.000388,-0.062958,-0.000329
-0.172852,0.006284,-0.175154,0.000196,-0.063216,-0.000508
-0.184034,0.005434,-0.163804,0.000102,-0.063695,-0.000479
-0.192935,0.003747,-0.149208,0.000137,-0.063299,-0.000434
-0.198694,0.001355,-0.130452,0.000179,-0.060939,-0.000561
-0.203953,-0.000490,-0.109662,0.000194,-0.055610,-0.000706
-0.212192,-0.000436,-0.090249,0.000563,-0.045621,-0.000546
-0.223413,0.002172,-0.074038,0.001702,-0.028265,0.000038
-0.235657,0.006656,-0.063661,0.002703,-0.001304,0.000489
-0.246821,0.010956,-0.064909,0.001341,0.033693,-0.000048
-0.253044,0.013687,-0.083024,-0.003089,0.070158,-0.001027
-0.250457,0.013985,-0.117134,-0.008754,0.100828,-0.000767
-0.237996,0.011648,-0.159653,-0.013667,0.122589,0.000866
-0.215403,0.009066,-0.201157,-0.016508,0.135457,0.002151
-0.182634,0.008801,-0.233556,-0.016252,0.139513,0.001790
-0.141657,0.010679,-0.251343,-0.013274,0.135561,0.000105
-0.096250,0.013336,-0.253771,-0.009457,0.126255,-0.001704
-0.050327,0.016503,-0.245056,-0.006788,0.114848,-0.002579
-0.007507,0.020560,-0.232987,-0.006488,0.104088,-0.001793
0.028118,0.023965,-0.224920,-0.008678,0.095973,0.000495
0.054321,0.024809,-0.222706,-0.012291,0.091177,0.002805
0.073048,0.024522,-0.224227,-0.015673,0.088646,0.003848
0.088059,0.025443,-0.227885,-0.017969,0.086336,0.003979
0.102088,0.027640,-0.232088,-0.019607,0.082790,0.004294
0.116831,0.030439,-0.233823,-0.021211,0.077859,0.005125
0.133545,0.033992,-0.230487,-0.023186,0.071785,0.005987
0.152117,0.038489,-0.221327,-0.025733,0.064719,0.006217
0.171172,0.042844,-0.207360,-0.028455,0.056730,0.005408
0.189544,0.045612,-0.190821,-0.030958,0.047094,0.003515
0.205964,0.047702,-0.173734,-0.033367,0.034725,0.000723
0.218514,0.052154,-0.156907,-0.035556,0.019088,-0.002491
0.224864,0.060932,-0.140537,-0.036934,-0.000458,-0.004988
0.222746,0.073425,-0.126273,-0.037362,-0.025295,-0.004693
0.212009,0.087301,-0.117464,-0.037224,-0.056198,-0.000023
0.195565,0.100100,-0.116429,-0.036758,-0.091726,0.007359
0.174197,0.109450,-0.125323,-0.036752,-0.127119,0.013256
0.142919,0.114402,-0.147198,-0.038423,-0.152907,0.014678
0.099867,0.118158,-0.179154,-0.041206,-0.159043,0.011308
0.053989,0.124846,-0.210548,-0.043001,-0.143841,0.005047
0.016588,0.135049,-0.232400,-0.042907,-0.115567,-0.000916
-0.008986,0.146124,-0.242225,-0.041328,-0.084687,-0.004456
-0.024964,0.154900,-0.241334,-0.038134,-0.056910,-0.006289
-0.033909,0.160216,-0.231986,-0.032803,-0.033629,-0.008444
-0.039059,0.163149,-0.216868,-0.025808,-0.015482,-0.011710
-0.043094,0.166166,-0.200476,-0.019122,-0.003284,-0.015019
-0.045674,0.171215,-0.186657,-0.014734,0.002772,-0.016470
-0.045126,0.178907,-0.174899,-0.012448,0.003035,-0.014947
-0.042094,0.187911,-0.164696,-0.010455,-0.001688,-0.010969
-0.040050,0.194548,-0.159604,-0.007612,-0.008749,-0.006033
-0.040733,0.197132,-0.161557,-0.003930,-0.013980,-0.001521
-0.042250,0.197286,-0.167026,0.000428,-0.015533,0.001775
-0.043493,0.195885,-0.172433,0.005374,-0.015636,0.003896
-0.045675,0.192580,-0.178170,0.010654,-0.016617,0.005452
-0.048003,0.186861,-0.185301,0.015991,-0.017932,0.006317
-0.047506,0.178045,-0.192905,0.020533,-0.018964,0.005571
-0.044750,0.167830,-0.200199,0.022933,-0.020680,0.003234
-0.043769,0.159847,-0.206502,0.023410,-0.022851,-0.000058
-0.045637,0.154738,-0.210036,0.024242,-0.023960,-0.004007
-0.049045,0.150199,-0.211619,0.027528,-0.024733,-0.007063
-0.055161,0.144762,-0.214597,0.033779,-0.027717,-0.007473
-0.065702,0.138235,-0.218426,0.042244,-0.032834,-0.006583
-0.081264,0.130113,-0.219031,0.050813,-0.036164,-0.007210
-0.101259,0.119282,-0.215148,0.055855,-0.033757,-0.010363
-0.120358,0.106079,-0.209408,0.054336,-0.025694,-0.015699
-0.132306,0.093470,-0.205226,0.046802,-0.015493,-0.022280
-0.138506,0.083806,-0.204582,0.037021,-0.005953,-0.027827
-0.143173,0.076549,-0.206520,0.028490,0.002354,-0.030328
-0.144860,0.069542,-0.208168,0.022116,0.009180,-0.029901
-0.140740,0.060876,-0.208534,0.016757,0.013832,-0.027093
-0.131854,0.051029,-0.209566,0.011157,0.015798,-0.021968
-0.121234,0.042506,-0.213188,0.005388,0.015035,-0.015408
-0.111949,0.036938,-0.219337,0.000400,0.012215,-0.009020
-0.106286,0.034429,-0.226602,-0.003103,0.008655,-0.004076
-0.104763,0.034718,-0.233190,-0.004832,0.005631,-0.001060
-0.106542,0.036942,-0.237819,-0.004839,0.003991,0.000259
-0.110207,0.039496,-0.240170,-0.003668,0.004244,0.000314
-0.113411,0.041619,-0.240207,-0.002006,0.006457,-0.000750
-0.113598,0.043502,-0.238168,-0.000197,0.010022,-0.002802
-0.110123,0.044610,-0.235581,0.001490,0.014002,-0.005201
-0.104635,0.043724,-0.234381,0.002506,0.017911,-0.007233
-0.098755,0.040866,-0.235011,0.002315,0.021993,-0.008919
-0.091680,0.037443,-0.237182,0.001046,0.026482,-0.010701
-0.081384,0.034083,-0.241124,-0.000517,0.030559,-0.012447
-0.068329,0.030513,-0.246418,-0.001874,0.032696,-0.013442
-0.056059,0.027361,-0.251441,-0.003155,0.032412,-0.013560
-0.047412,0.026031,-0.254867,-0.004458,0.030877,-0.013674
-0.041375,0.026999,-0.256334,-0.005669,0.029374,-0.014524
-0.034908,0.029502,-0.256459,-0.006707,0.027888,-0.015646
-0.027313,0.032478,-0.256818,-0.007386,0.025549,-0.015692
-0.020493,0.035167,-0.258257,-0.007378,0.021969,-0.013872
-0.015137,0.037198,-0.259885,-0.006616,0.017578,-0.010683
-0.010487,0.038525,-0.260651,-0.005458,0.012901,-0.007157
-0.007521,0.039583,-0.260517,-0.004344,0.008488,-0.004055
-0.007608,0.040822,-0.259996,-0.003495,0.005265,-0.001886
-0.009280,0.041825,-0.259661,-0.002945,0.003776,-0.000950
-0.010349,0.041933,-0.259879,-0.002656,0.003437,-0.000964
-0.010678,0.041546,-0.260545,-0.002521,0.003426,-0.001212
-0.010687,0.041436,-0.261258,-0.002280,0.003571,-0.001241
-0.009883,0.041426,-0.261779,-0.001744,0.003951,-0.001014
-0.007719,0.041080,-0.262189,-0.001054,0.004380,-0.000651
-0.004475,0.040875,-0.262695,-0.000397,0.004504,-0.000277
-0.001090,0.041503,-0.263446,0.000282,0.004226,0.000041
0.001458,0.042448,-0.264393,0.001003,0.003818,0.000257
0.002704,0.042424,-0.265193,0.001476,0.003490,0.000335
0.002978,0.041129,-0.265346,0.001360,0.003148,0.000356
0.002951,0.039611,-0.264465,0.000679,0.002716,0.000434
0.003089,0.038999,-0.262640,-0.000150,0.002449,0.000415
0.003583,0.039373,-0.260520,-0.000669,0.002541,-0.000117
0.004244,0.040182,-0.258884,-0.000812,0.002617,-0.001258
0.004337,0.041143,-0.258225,-0.000835,0.002198,-0.002522
0.003193,0.042041,-0.258611,-0.000838,0.001569,-0.003370
0.001371,0.042572,-0.259780,-0.000597,0.001654,-0.003678
0.000507,0.042638,-0.261095,0.000123,0.003024,-0.003560
0.001765,0.042233,-0.261498,0.001178,0.005057,-0.003053
-,-,-,-,-,-
0.001269,0.000967,-0.005084,-0.000388,-0.000417,-0.000098
0.007579,0.007477,-0.027091,-0.001599,-0.001662,-0.000067
0.021393,0.024133,-0.071101,-0.004366,-0.004569,-0.000450
0.042623,0.049350,-0.126139,-0.007923,-0.009506,-0.000999
0.067192,0.075066,-0.177132,-0.010451,-0.016447,-0.000602
0.087176,0.094292,-0.216284,-0.010572,-0.024124,0.001004
0.095795,0.104823,-0.243892,-0.007891,-0.029874,0.002754
0.091432,0.106666,-0.262049,-0.003103,-0.030278,0.003646
0.078550,0.101914,-0.270743,0.001872,-0.022454,0.003079
0.065099,0.096037,-0.270201,0.005342,-0.006731,0.000641
0.056605,0.094078,-0.262411,0.007142,0.013133,-0.002547
0.054850,0.096462,-0.250279,0.007897,0.032815,-0.003727
0.060351,0.099229,-0.236973,0.008451,0.049469,-0.001205
0.072132,0.097505,-0.225495,0.010085,0.062870,0.003746
0.089110,0.090826,-0.217041,0.013290,0.073960,0.008153
0.111363,0.083629,-0.210022,0.016448,0.081740,0.010361
0.136441,0.078703,-0.202247,0.017568,0.084404,0.010842
0.160111,0.074465,-0.192501,0.016282,0.081740,0.010418
0.180374,0.069289,-0.180327,0.013378,0.074351,0.009397
0.196126,0.063910,-0.166697,0.009848,0.063083,0.008033
0.206285,0.059753,-0.153395,0.006474,0.049203,0.006612
0.211984,0.057150,-0.141581,0.003687,0.033438,0.005193
0.215900,0.054910,-0.132102,0.001615,0.015571,0.003434
0.218905,0.051663,-0.125513,0.000318,-0.004936,0.000526
0.218564,0.047546,-0.122194,0.000375,-0.028324,-0.004415
0.211149,0.044013,-0.123879,0.003151,-0.053324,-0.011389
0.195589,0.042162,-0.133898,0.009716,-0.076699,-0.019145
0.174919,0.041788,-0.154939,0.019359,-0.094576,-0.026262
0.153533,0.042038,-0.185415,0.029950,-0.103651,-0.032180
0.134344,0.042396,-0.217925,0.039320,-0.103209,-0.036624
0.116892,0.042901,-0.243704,0.045692,-0.096922,-0.038723
0.097500,0.043799,-0.258233,0.047945,-0.090118,-0.037436
0.073272,0.044578,-0.261887,0.046263,-0.085890,-0.032428
0.044674,0.043033,-0.258249,0.042147,-0.084614,-0.024461
0.014361,0.036888,-0.252266,0.037318,-0.085280,-0.015264
-0.015106,0.027475,-0.247987,0.030938,-0.083021,-0.006893
-0.040134,0.020061,-0.247775,0.020395,-0.069650,-0.000921
-0.053009,0.018472,-0.252550,0.008134,-0.046398,0.002162
-0.049507,0.021576,-0.260776,0.000524,-0.024651,0.003050
-0.037593,0.025777,-0.267962,-0.000346,-0.010121,0.003037
-0.028623,0.027984,-0.270052,0.003090,0.000012,0.003164
-0.026709,0.026518,-0.267484,0.008041,0.009564,0.003806
-0.030315,0.021075,-0.263741,0.013252,0.020495,0.004711
-0.034501,0.012561,-0.261428,0.017897,0.032019,0.005469
-0.032807,0.002310,-0.261801,0.018993,0.039382,0.006426
-0.024230,-0.008747,-0.265286,0.013765,0.037392,0.008522
-0.013458,-0.019042,-0.270306,0.003849,0.026151,0.011593
-0.004372,-0.026112,-0.273502,-0.006772,0.010270,0.014023
0.000709,-0.028741,-0.272384,-0.015287,-0.004908,0.014355
-0.000107,-0.027379,-0.266700,-0.020037,-0.014622,0.012290
-0.006747,-0.022915,-0.258251,-0.020212,-0.016046,0.008395
-0.016267,-0.016266,-0.250212,-0.016472,-0.009981,0.003776
-0.025373,-0.008073,-0.242482,-0.010828,0.000887,-0.000125
-0.032364,0.002016,-0.231312,-0.005473,0.013062,-0.002288
-0.034889,0.014556,-0.218156,-0.001795,0.020776,-0.002669
-0.031087,0.027041,-0.209573,-0.000177,0.020771,-0.001954
-0.022313,0.034307,-0.209871,-0.000106,0.015699,-0.000998
-0.011539,0.033633,-0.219431,-0.000651,0.009224,-0.000289
-0.001482,0.026791,-0.234687,-0.001120,0.003458,0.000090
0.006125,0.017670,-0.250180,-0.001248,-0.000486,0.000205
0.010702,0.009580,-0.262026,-0.001059,-0.002425,0.000154
0.012511,0.004212,-0.268833,-0.000710,-0.002774,0.000034
0.012373,0.001810,-0.271114,-0.000356,-0.002192,-0.000084
0.011270,0.001713,-0.270371,-0.000096,-0.001294,-0.000162
0.009988,0.002909,-0.268266,0.000039,-0.000498,-0.000195
0.008982,0.004456,-0.266075,0.000067,0.000006,-0.000197
0.008398,0.005713,-0.264495,0.000026,0.000203,-0.000181
0.008209,0.006401,-0.263682,-0.000042,0.000172,-0.000156
0.008332,0.006563,-0.263460,-0.000102,0.000027,-0.000129
0.008619,0.006410,-0.263602,-0.000138,-0.000133,-0.000106
0.008880,0.006144,-0.263931,-0.000150,-0.000252,-0.000092
0.009008,0.005885,-0.264300,-0.000144,-0.000315,-0.000085
0.009016,0.005718,-0.264617,-0.000130,-0.000331,-0.000084
0.008956,0.005675,-0.264834,-0.000116,-0.000318,-0.000088
0.008859,0.005720,-0.264969,-0.000107,-0.000287,-0.000093
0.008760,0.005791,-0.265149,-0.000106,-0.000252,-0.000096
0.008701,0.005845,-0.265407,-0.000107,-0.000222,-0.000099
0.008680,0.005852,-0.265598,-0.000108,-0.000203,-0.000100
0.008674,0.005829,-0.265585,-0.000109,-0.000197,-0.000103
0.008698,0.005808,-0.265347,-0.000111,-0.000201,-0.000109
0.008751,0.005797,-0.264997,-0.000115,-0.000211,-0.000115
0.008797,0.005785,-0.264685,-0.000122,-0.000225,-0.000118
0.008819,0.005771,-0.264491,-0.000130,-0.000240,-0.000116
0.008838,0.005767,-0.264433,-0.000134,-0.000255,-0.000112
0.008870,0.005794,-0.264485,-0.000134,-0.000266,-0.000111
0.008908,0.005846,-0.264605,-0.000130,-0.000271,-0.000111
0.008942,0.005890,-0.264736,-0.000126,-0.000269,-0.000112
0.008967,0.005907,-0.264833,-0.000123,-0.000265,-0.000113
0.008974,0.005892,-0.264890,-0.000119,-0.000259,-0.000112
0.008981,0.005844,-0.264917,-0.000117,-0.000250,-0.000111
0.009020,0.005764,-0.264913,-0.000117,-0.000242,-0.000111
0.009087,0.005669,-0.264875,-0.000117,-0.000238,-0.000116
0.009140,0.005584,-0.264787,-0.000116,-0.000236,-0.000125
0.009143,0.005533,-0.264669,-0.000113,-0.000236,-0.000136
0.009098,0.005544,-0.264601,-0.000109,-0.000237,-0.000143
0.009017,0.005615,-0.264612,-0.000106,-0.000237,-0.000143
0.008918,0.005695,-0.264663,-0.000104,-0.000239,-0.000136
0.008847,0.005746,-0.264728,-0.000102,-0.000248,-0.000129
0.008854,0.005746,-0.264805,-0.000102,-0.000262,-0.000127
0.008943,0.005694,-0.264872,-0.000104,-0.000277,-0.000130
0.009058,0.005631,-0.264912,-0.000106,-0.000287,-0.000134
0.009141,0.005608,-0.264930,-0.000105,-0.000292,-0.000135
0.009179,0.005631,-0.264931,-0.000102,-0.000287,-0.000131
0.009184,0.005669,-0.264912,-0.000100,-0.000273,-0.000126
0.009190,0.005696,-0.264874,-0.000099,-0.000255,-0.000121
0.009230,0.005706,-0.264835,-0.000099,-0.000239,-0.000116
0.009294,0.005709,-0.264830,-0.000103,-0.000229,-0.000115
0.009334,0.005720,-0.264871,-0.000113,-0.000223,-0.000115
0.009323,0.005750,-0.264923,-0.000126,-0.000222,-0.000113
0.009261,0.005785,-0.264932,-0.000135,-0.000226,-0.000111
0.009149,0.005803,-0.264879,-0.000140,-0.000236,-0.000112
0.009038,0.005793,-0.264786,-0.000140,-0.000250,-0.000116
0.009000,0.005744,-0.264686,-0.000136,-0.000265,-0.000120
0.009006,0.005670,-0.264592,-0.000130,-0.000277,-0.000123
0.008962,0.005614,-0.264529,-0.000122,-0.000283,-0.000123
0.008870,0.005606,-0.264530,-0.000112,-0.000281,-0.000121
0.008801,0.005640,-0.264600,-0.000104,-0.000273,-0.000119
0.008776,0.005695,-0.264715,-0.000095,-0.000263,-0.000118
0.008785,0.005750,-0.264843,-0.000083,-0.000255,-0.000120
0.008829,0.005785,-0.264937,-0.000075,-0.000254,-0.000121
0.008903,0.005786,-0.264975,-0.000075,-0.000259,-0.000120
0.008986,0.005752,-0.264962,-0.000080,-0.000269,-0.000117
0.009049,0.005690,-0.264925,-0.000087,-0.000280,-0.000113
0.009084,0.005633,-0.264913,-0.000097,-0.000288,-0.000111
0.009117,0.005612,-0.264959,-0.000107,-0.000291,-0.000108
0.009154,0.005616,-0.265028,-0.000116,-0.000288,-0.000105
0.009171,0.005633,-0.265059,-0.000120,-0.000280,-0.000100
0.009152,0.005664,-0.265015,-0.000118,-0.000269,-0.000098
-,-,-,-,-,-
0.000004,-0.000050,-0.004949,-0.000154,-0.000157,-0.000154
0.000773,0.000454,-0.027761,-0.000152,-0.000167,-0.000149
0.002436,0.001536,-0.076568,-0.000147,-0.000184,-0.000141
0.004660,0.002981,-0.141572,-0.000143,-0.000206,-0.000131
0.006837,0.004369,-0.204650,-0.000140,-0.000227,-0.000122
0.008525,0.005389,-0.252391,-0.000135,-0.000245,-0.000115
0.009505,0.005968,-0.279841,-0.000130,-0.000259,-0.000112
0.009798,0.006177,-0.289213,-0.000127,-0.000264,-0.000110
0.009653,0.006113,-0.286537,-0.000128,-0.000260,-0.000109
0.009349,0.005916,-0.278390,-0.000133,-0.000251,-0.000107
0.009064,0.005735,-0.269820,-0.000137,-0.000242,-0.000106
0.008901,0.005647,-0.263609,-0.000137,-0.000240,-0.000104
0.008890,0.005641,-0.260530,-0.000131,-0.000244,-0.000102
0.008975,0.005659,-0.260045,-0.000120,-0.000252,-0.000101
0.009071,0.005670,-0.261096,-0.000108,-0.000259,-0.000101
0.009112,0.005676,-0.262684,-0.000102,-0.000263,-0.000101
0.009091,0.005677,-0.264129,-0.000101,-0.000261,-0.000101
0.009049,0.005674,-0.265094,-0.000104,-0.000256,-0.000102
0.009025,0.005681,-0.265486,-0.000109,-0.000251,-0.000105
0.009035,0.005690,-0.265347,-0.000113,-0.000251,-0.000108
0.009064,0.005665,-0.264850,-0.000115,-0.000258,-0.000108
0.009094,0.005607,-0.264296,-0.000112,-0.000268,-0.000107
0.009122,0.005573,-0.263917,-0.000108,-0.000274,-0.000105
0.009146,0.005599,-0.263779,-0.000107,-0.000274,-0.000107
0.009147,0.005656,-0.263896,-0.000110,-0.000273,-0.000110
0.009122,0.005702,-0.264224,-0.000115,-0.000272,-0.000113
0.009087,0.005744,-0.264619,-0.000123,-0.000269,-0.000112
0.009040,0.005818,-0.264941,-0.000133,-0.000263,-0.000108
0.008989,0.005913,-0.265113,-0.000140,-0.000256,-0.000101
0.008962,0.005993,-0.265115,-0.000142,-0.000250,-0.000095
0.008932,0.006052,-0.265012,-0.000138,-0.000245,-0.000092
0.008853,0.006074,-0.264904,-0.000130,-0.000238,-0.000092
0.008806,0.006018,-0.264834,-0.000120,-0.000228,-0.000091
0.008894,0.005895,-0.264775,-0.000110,-0.000222,-0.000091
0.009069,0.005787,-0.264712,-0.000102,-0.000227,-0.000094
0.009194,0.005744,-0.264665,-0.000098,-0.000241,-0.000098
0.009229,0.005746,-0.264654,-0.000095,-0.000257,-0.000102
0.009230,0.005767,-0.264675,-0.000097,-0.000267,-0.000104
0.009235,0.005783,-0.264706,-0.000101,-0.000270,-0.000104
0.009225,0.005755,-0.264718,-0.000105,-0.000267,-0.000103
0.009178,0.005691,-0.264726,-0.000106,-0.000264,-0.000101
0.009102,0.005637,-0.264773,-0.000105,-0.000262,-0.000098
0.009024,0.005609,-0.264822,-0.000104,-0.000257,-0.000098
0.008978,0.005612,-0.264798,-0.000104,-0.000253,-0.000103
0.008957,0.005664,-0.264699,-0.000109,-0.000250,-0.000108
0.008924,0.005754,-0.264574,-0.000118,-0.000252,-0.000111
0.008896,0.005849,-0.264462,-0.000122,-0.000259,-0.000108
0.008944,0.005904,-0.264381,-0.000116,-0.000270,-0.000101
0.009076,0.005882,-0.264350,-0.000105,-0.000282,-0.000095
0.009198,0.005826,-0.264376,-0.000094,-0.000291,-0.000092
0.009215,0.005795,-0.264434,-0.000086,-0.000294,-0.000091
0.009139,0.005787,-0.264508,-0.000083,-0.000286,-0.000090
0.009030,0.005785,-0.264581,-0.000083,-0.000272,-0.000088
0.008927,0.005794,-0.264612,-0.000087,-0.000258,-0.000085
0.008878,0.005826,-0.264605,-0.000090,-0.000248,-0.000085
0.008905,0.005883,-0.264611,-0.000095,-0.000241,-0.000089
0.008967,0.005935,-0.264656,-0.000104,-0.000237,-0.000096
0.009031,0.005951,-0.264733,-0.000115,-0.000235,-0.000102
0.009092,0.005939,-0.264804,-0.000123,-0.000232,-0.000103
0.009125,0.005916,-0.264817,-0.000126,-0.000229,-0.000103
0.009109,0.005862,-0.264763,-0.000122,-0.000229,-0.000105
0.009089,0.005778,-0.264687,-0.000114,-0.000235,-0.000110
0.009129,0.005699,-0.264638,-0.000105,-0.000246,-0.000115
0.009213,0.005647,-0.264640,-0.000098,-0.000258,-0.000116
0.009271,0.005626,-0.264684,-0.000093,-0.000267,-0.000113
0.009252,0.005630,-0.264749,-0.000091,-0.000271,-0.000109
0.009148,0.005630,-0.264822,-0.000095,-0.000268,-0.000106
0.009004,0.005612,-0.264885,-0.000101,-0.000260,-0.000104
0.008912,0.005602,-0.264920,-0.000108,-0.000251,-0.000103
0.008931,0.005624,-0.264903,-0.000113,-0.000244,-0.000101
0.009014,0.005686,-0.264822,-0.000117,-0.000240,-0.000098
0.009057,0.005774,-0.264692,-0.000120,-0.000238,-0.000096
0.009013,0.005838,-0.264583,-0.000121,-0.000239,-0.000097
0.008916,0.005841,-0.264561,-0.000118,-0.000243,-0.000098
0.008838,0.005794,-0.264597,-0.000111,-0.000248,-0.000097
0.008841,0.005702,-0.264598,-0.000100,-0.000253,-0.000093
0.008931,0.005585,-0.264534,-0.000090,-0.000257,-0.000089
0.009055,0.005493,-0.264452,-0.000085,-0.000262,-0.000091
0.009164,0.005465,-0.264400,-0.000090,-0.000267,-0.000096
0.009232,0.005514,-0.264418,-0.000103,-0.000269,-0.000103
0.009224,0.005624,-0.264529,-0.000116,-0.000266,-0.000110
0.009155,0.005755,-0.264694,-0.000120,-0.000259,-0.000114
0.009081,0.005871,-0.264826,-0.000115,-0.000246,-0.000115
0.009032,0.005943,-0.264875,-0.000108,-0.000234,-0.000115
0.009009,0.005943,-0.264859,-0.000098,-0.000230,-0.000116
0.009005,0.005884,-0.264820,-0.000086,-0.000239,-0.000116
0.009000,0.005831,-0.264792,-0.000080,-0.000253,-0.000112
0.008975,0.005835,-0.264777,-0.000080,-0.000262,-0.000105
0.008942,0.005883,-0.264748,-0.000085,-0.000264,-0.000098
0.008935,0.005921,-0.264697,-0.000091,-0.000263,-0.000095
0.008968,0.005920,-0.264645,-0.000098,-0.000259,-0.000097
0.009022,0.005869,-0.264621,-0.000106,-0.000252,-0.000102
0.009071,0.005772,-0.264653,-0.000112,-0.000245,-0.000108
0.009086,0.005653,-0.264729,-0.000113,-0.000240,-0.000116
0.009052,0.005559,-0.264781,-0.000113,-0.000241,-0.000123
0.009005,0.005526,-0.264762,-0.000107,-0.000248,-0.000126
0.008989,0.005550,-0.264696,-0.000096,-0.000256,-0.000121
0.009009,0.005599,-0.264622,-0.000087,-0.000265,-0.000109
0.009028,0.005650,-0.264564,-0.000082,-0.000273,-0.000099
0.009023,0.005697,-0.264530,-0.000084,-0.000278,-0.000093
0.009005,0.005748,-0.264520,-0.000091,-0.000280,-0.000096
0.008985,0.005808,-0.264526,-0.000102,-0.000279,-0.000104
0.008980,0.005854,-0.264533,-0.000110,-0.000274,-0.000115
0.009014,0.005883,-0.264535,-0.000113,-0.000262,-0.000126
0.009085,0.005923,-0.264516,-0.000109,-0.000247,-0.000134
0.009134,0.005975,-0.264475,-0.000102,-0.000234,-0.000138
0.009114,0.006000,-0.264457,-0.000096,-0.000231,-0.000136
0.009061,0.005981,-0.264499,-0.000094,-0.000240,-0.000129
0.009037,0.005933,-0.264597,-0.000093,-0.000254,-0.000116
0.009055,0.005867,-0.264712,-0.000092,-0.000266,-0.000103
0.009104,0.005795,-0.264801,-0.000090,-0.000273,-0.000096
0.009186,0.005757,-0.264814,-0.000092,-0.000275,-0.000094
0.009300,0.005772,-0.264752,-0.000103,-0.000274,-0.000097
0.009410,0.005797,-0.264684,-0.000117,-0.000268,-0.000103
0.009440,0.005794,-0.264651,-0.000123,-0.000260,-0.000109
0.009357,0.005790,-0.264633,-0.000123,-0.000255,-0.000112
0.009199,0.005826,-0.264617,-0.000118,-0.000255,-0.000111
0.009023,0.005891,-0.264613,-0.000107,-0.000260,-0.000106
0.008860,0.005929,-0.264607,-0.000096,-0.000266,-0.000101
0.008732,0.005923,-0.264577,-0.000095,-0.000271,-0.000097
0.008677,0.005912,-0.264531,-0.000103,-0.000277,-0.000094
0.008715,0.005908,-0.264477,-0.000114,-0.000279,-0.000091
0.008805,0.005879,-0.264440,-0.000121,-0.000274,-0.000092
0.008891,0.005814,-0.264444,-0.000123,-0.000265,-0.000096
0.008954,0.005750,-0.264476,-0.000120,-0.000258,-0.000102
0.009005,0.005728,-0.264510,-0.000115,-0.000256,-0.000106
0.009040,0.005755,-0.264535,-0.000108,-0.000256,-0.000106
0.009046,0.005806,-0.264556,-0.000103,-0.000257,-0.000099