-,-,-,-,-,-
0.000012,-0.000057,-0.004954,-0.000155,-0.000155,-0.000155
0.000820,0.000407,-0.027791,-0.000153,-0.000157,-0.000154
0.002573,0.001409,-0.076695,-0.000146,-0.000166,-0.000151
0.004928,0.002790,-0.141877,-0.000131,-0.000187,-0.000144
0.007191,0.004200,-0.205092,-0.000112,-0.000217,-0.000136
0.008842,0.005319,-0.252820,-0.000092,-0.000244,-0.000130
0.009715,0.005990,-0.280142,-0.000076,-0.000261,-0.000130
0.009927,0.006231,-0.289357,-0.000066,-0.000269,-0.000135
0.009718,0.006161,-0.286563,-0.000063,-0.000269,-0.000142
0.009327,0.005955,-0.278360,-0.000063,-0.000264,-0.000143
0.008927,0.005744,-0.269766,-0.000067,-0.000255,-0.000132
0.008628,0.005569,-0.263551,-0.000076,-0.000245,-0.000115
0.008490,0.005447,-0.260497,-0.000088,-0.000237,-0.000099
0.008509,0.005414,-0.260077,-0.000096,-0.000230,-0.000091
0.008625,0.005467,-0.261220,-0.000101,-0.000226,-0.000095
0.008775,0.005548,-0.262878,-0.000108,-0.000225,-0.000105
0.008918,0.005590,-0.264328,-0.000117,-0.000227,-0.000117
0.009033,0.005584,-0.265235,-0.000124,-0.000231,-0.000124
0.009109,0.005569,-0.265577,-0.000124,-0.000232,-0.000127
0.009122,0.005576,-0.265489,-0.000123,-0.000229,-0.000127
0.009087,0.005600,-0.265173,-0.000122,-0.000228,-0.000126
0.009042,0.005614,-0.264842,-0.000120,-0.000229,-0.000121
0.008990,0.005586,-0.264615,-0.000114,-0.000232,-0.000113
0.008936,0.005510,-0.264518,-0.000105,-0.000238,-0.000102
0.008905,0.005427,-0.264553,-0.000099,-0.000244,-0.000096
0.008896,0.005364,-0.264682,-0.000095,-0.000251,-0.000097
0.008909,0.005332,-0.264814,-0.000094,-0.000256,-0.000105
0.008976,0.005343,-0.264849,-0.000094,-0.000258,-0.000117
0.009081,0.005369,-0.264785,-0.000094,-0.000259,-0.000127
0.009166,0.005373,-0.264715,-0.000090,-0.000255,-0.000132
0.009199,0.005375,-0.264717,-0.000086,-0.000247,-0.000131
0.009177,0.005408,-0.264786,-0.000085,-0.000239,-0.000126
0.009097,0.005475,-0.264854,-0.000087,-0.000235,-0.000121
0.008972,0.005558,-0.264846,-0.000088,-0.000234,-0.000118
0.008856,0.005617,-0.264767,-0.000091,-0.000235,-0.000116
0.008798,0.005625,-0.264682,-0.000099,-0.000236,-0.000114
0.008799,0.005626,-0.264642,-0.000111,-0.000235,-0.000114
0.008823,0.005677,-0.264648,-0.000119,-0.000237,-0.000113
0.008845,0.005760,-0.264678,-0.000118,-0.000245,-0.000109
0.008854,0.005838,-0.264736,-0.000110,-0.000258,-0.000104
0.008835,0.005897,-0.264840,-0.000101,-0.000269,-0.000102
0.008806,0.005890,-0.264980,-0.000095,-0.000276,-0.000102
0.008813,0.005778,-0.265122,-0.000094,-0.000276,-0.000104
0.008848,0.005642,-0.265257,-0.000092,-0.000269,-0.000107
0.008855,0.005593,-0.265382,-0.000089,-0.000258,-0.000111
0.008834,0.005637,-0.265509,-0.000088,-0.000249,-0.000115
0.008840,0.005712,-0.265640,-0.000095,-0.000246,-0.000117
0.008865,0.005775,-0.265702,-0.000106,-0.000251,-0.000115
0.008856,0.005803,-0.265615,-0.000120,-0.000257,-0.000109
0.008834,0.005780,-0.265380,-0.000134,-0.000261,-0.000101
0.008843,0.005702,-0.265068,-0.000144,-0.000266,-0.000097
0.008873,0.005601,-0.264770,-0.000143,-0.000269,-0.000097
0.008907,0.005537,-0.264564,-0.000133,-0.000269,-0.000101
0.008931,0.005565,-0.264503,-0.000120,-0.000264,-0.000109
0.008915,0.005673,-0.264568,-0.000110,-0.000261,-0.000117
0.008890,0.005783,-0.264666,-0.000103,-0.000260,-0.000122
0.008929,0.005826,-0.264719,-0.000100,-0.000262,-0.000124
0.009021,0.005804,-0.264736,-0.000100,-0.000264,-0.000124
0.009100,0.005755,-0.264742,-0.000102,-0.000265,-0.000119
0.009154,0.005697,-0.264721,-0.000105,-0.000265,-0.000111
0.009177,0.005623,-0.264666,-0.000110,-0.000265,-0.000104
0.009131,0.005538,-0.264616,-0.000113,-0.000266,-0.000102
0.009032,0.005462,-0.264599,-0.000114,-0.000271,-0.000105
0.008976,0.005387,-0.264614,-0.000110,-0.000275,-0.000107
0.009013,0.005301,-0.264668,-0.000099,-0.000277,-0.000105
0.009075,0.005250,-0.264750,-0.000085,-0.000277,-0.000100
0.009080,0.005282,-0.264813,-0.000075,-0.000277,-0.000096
0.009013,0.005395,-0.264832,-0.000072,-0.000273,-0.000093
0.008889,0.005557,-0.264813,-0.000074,-0.000263,-0.000094
0.008761,0.005696,-0.264764,-0.000077,-0.000250,-0.000098
0.008722,0.005727,-0.264707,-0.000080,-0.000240,-0.000105
0.008803,0.005661,-0.264673,-0.000087,-0.000235,-0.000112
0.008925,0.005597,-0.264649,-0.000097,-0.000235,-0.000115
0.009000,0.005603,-0.264622,-0.000105,-0.000239,-0.000116
0.008995,0.005662,-0.264629,-0.000111,-0.000249,-0.000118
0.008914,0.005699,-0.264678,-0.000117,-0.000263,-0.000122
0.008818,0.005652,-0.264700,-0.000124,-0.000272,-0.000124
0.008786,0.005540,-0.264662,-0.000131,-0.000271,-0.000125
0.008817,0.005427,-0.264595,-0.000133,-0.000264,-0.000124
0.008845,0.005369,-0.264522,-0.000126,-0.000258,-0.000119
0.008842,0.005395,-0.264442,-0.000113,-0.000257,-0.000110
0.008807,0.005499,-0.264395,-0.000098,-0.000259,-0.000102
0.008733,0.005622,-0.264441,-0.000087,-0.000258,-0.000101
0.008656,0.005686,-0.264571,-0.000085,-0.000256,-0.000108
0.008646,0.005638,-0.264706,-0.000093,-0.000256,-0.000117
0.008715,0.005497,-0.264786,-0.000104,-0.000256,-0.000124
0.008821,0.005335,-0.264792,-0.000111,-0.000252,-0.000129
0.008917,0.005241,-0.264755,-0.000114,-0.000245,-0.000129
0.008951,0.005268,-0.264736,-0.000116,-0.000241,-0.000124
0.008904,0.005373,-0.264756,-0.000118,-0.000243,-0.000117
0.008845,0.005456,-0.264771,-0.000120,-0.000250,-0.000113
0.008858,0.005452,-0.264740,-0.000123,-0.000256,-0.000113
0.008937,0.005391,-0.264676,-0.000126,-0.000259,-0.000114
0.009020,0.005350,-0.264626,-0.000125,-0.000256,-0.000116
0.009058,0.005359,-0.264621,-0.000118,-0.000250,-0.000117
0.009017,0.005394,-0.264658,-0.000108,-0.000243,-0.000114
0.008902,0.005425,-0.264705,-0.000097,-0.000238,-0.000111
0.008788,0.005429,-0.264732,-0.000088,-0.000234,-0.000107
0.008757,0.005389,-0.264751,-0.000086,-0.000231,-0.000101
0.008813,0.005307,-0.264783,-0.000090,-0.000231,-0.000093
0.008895,0.005217,-0.264798,-0.000096,-0.000235,-0.000089
0.008960,0.005184,-0.264780,-0.000099,-0.000243,-0.000091
0.008989,0.005259,-0.264789,-0.000103,-0.000255,-0.000095
0.008969,0.005417,-0.264831,-0.000108,-0.000269,-0.000096
0.008919,0.005554,-0.264827,-0.000111,-0.000279,-0.000095
0.008880,0.005579,-0.264759,-0.000109,-0.000282,-0.000095
0.008868,0.005498,-0.264704,-0.000106,-0.000277,-0.000099
0.008861,0.005397,-0.264691,-0.000105,-0.000267,-0.000109
0.008862,0.005353,-0.264707,-0.000108,-0.000254,-0.000122
0.008875,0.005393,-0.264766,-0.000113,-0.000244,-0.000131
0.008872,0.005478,-0.264862,-0.000116,-0.000239,-0.000131
0.008860,0.005535,-0.264930,-0.000117,-0.000240,-0.000122
0.008886,0.005522,-0.264938,-0.000112,-0.000243,-0.000110
0.008947,0.005476,-0.264910,-0.000103,-0.000248,-0.000102
0.008980,0.005462,-0.264859,-0.000095,-0.000252,-0.000098
0.008963,0.005489,-0.264800,-0.000093,-0.000253,-0.000099
0.008918,0.005549,-0.264775,-0.000099,-0.000251,-0.000103
0.008846,0.005642,-0.264785,-0.000108,-0.000247,-0.000110
0.008775,0.005720,-0.264776,-0.000114,-0.000243,-0.000120
0.008780,0.005705,-0.264724,-0.000114,-0.000236,-0.000131
0.008878,0.005596,-0.264667,-0.000111,-0.000233,-0.000140
0.008999,0.005467,-0.264655,-0.000107,-0.000235,-0.000140
0.009077,0.005399,-0.264705,-0.000103,-0.000241,-0.000131
0.009087,0.005453,-0.264789,-0.000099,-0.000244,-0.000118
0.009020,0.005600,-0.264847,-0.000092,-0.000245,-0.000106
0.008912,0.005723,-0.264837,-0.000083,-0.000244,-0.000100
0.008833,0.005747,-0.264754,-0.000075,-0.000246,-0.000100
0.008801,0.005706,-0.264625,-0.000072,-0.000250,-0.000103
-,-,-,-,-,-
0.000009,-0.000046,-0.004960,-0.000154,-0.000157,-0.000154
0.000821,0.000458,-0.027824,-0.000151,-0.000167,-0.000154
0.002659,0.001500,-0.076787,-0.000143,-0.000186,-0.000171
0.005613,0.002758,-0.142048,-0.000131,-0.000209,-0.000297
0.009212,0.003765,-0.205319,-0.000119,-0.000226,-0.000640
0.011683,0.004505,-0.253049,-0.000111,-0.000236,-0.001087
0.011798,0.005140,-0.280287,-0.000111,-0.000248,-0.001395
0.010822,0.005253,-0.289390,-0.000151,-0.000304,-0.001601
0.010592,0.004409,-0.288105,-0.000279,-0.000966,-0.001899
0.011025,0.002762,-0.286218,-0.000673,-0.003689,-0.002270
0.010112,0.000299,-0.289059,-0.002041,-0.009700,-0.002838
0.005570,-0.002065,-0.296017,-0.005701,-0.019278,-0.004267
-0.004696,-0.001539,-0.302420,-0.012366,-0.032827,-0.007603
-0.020171,0.003554,-0.299135,-0.020786,-0.049122,-0.013478
-0.035919,0.012731,-0.280575,-0.028916,-0.061625,-0.021024
-0.048913,0.024311,-0.252841,-0.036079,-0.062012,-0.028908
-0.059178,0.035484,-0.227027,-0.042125,-0.047750,-0.036684
-0.063705,0.046101,-0.211071,-0.044806,-0.024284,-0.041983
-0.062252,0.060169,-0.208469,-0.040580,-0.000083,-0.039289
-0.062392,0.075654,-0.218200,-0.029073,0.022639,-0.026685
-0.065888,0.081168,-0.236548,-0.013797,0.048588,-0.010250
-0.063160,0.072854,-0.259230,0.001355,0.079634,0.002686
-0.045016,0.056512,-0.278701,0.012444,0.110764,0.010698
-0.009640,0.035281,-0.285467,0.015162,0.134280,0.017091
0.035554,0.016444,-0.275513,0.008207,0.145482,0.025433
0.079289,0.011568,-0.251748,-0.004913,0.144079,0.035388
0.116800,0.021330,-0.221633,-0.019123,0.130953,0.041900
0.148692,0.035892,-0.193757,-0.031772,0.107185,0.039815
0.173457,0.046976,-0.173444,-0.041986,0.074996,0.028204
0.189176,0.052944,-0.162261,-0.048221,0.038051,0.011659
0.196782,0.053843,-0.159804,-0.048900,0.001434,-0.001002
0.195257,0.051088,-0.164773,-0.043077,-0.030777,-0.003243
0.182776,0.052394,-0.173657,-0.030690,-0.056768,0.002789
0.161664,0.062404,-0.182297,-0.014181,-0.073084,0.010223
0.138758,0.074237,-0.190304,0.002203,-0.075056,0.015431
0.126251,0.079178,-0.196786,0.015064,-0.065638,0.017372
0.129852,0.075117,-0.200262,0.022985,-0.056116,0.014801
0.136047,0.064133,-0.208265,0.026607,-0.054331,0.008704
0.127760,0.048329,-0.229634,0.028396,-0.058362,0.001762
0.104400,0.030465,-0.258120,0.030532,-0.062427,-0.004707
0.075940,0.014873,-0.278208,0.031945,-0.064543,-0.010056
0.046105,0.005839,-0.282182,0.028989,-0.067003,-0.013782
0.012473,0.006351,-0.274360,0.019147,-0.071784,-0.015552
-0.021903,0.015096,-0.264059,0.003759,-0.077159,-0.014905
-0.047916,0.026489,-0.258574,-0.012862,-0.078140,-0.013052
-0.059635,0.036612,-0.258987,-0.027462,-0.071159,-0.012316
-0.059995,0.045267,-0.260181,-0.039286,-0.058174,-0.013037
-0.056577,0.054138,-0.257219,-0.047504,-0.045471,-0.013735
-0.056165,0.065161,-0.249884,-0.050284,-0.038632,-0.013309
-0.062712,0.076955,-0.240614,-0.046416,-0.037973,-0.011895
-0.073565,0.084752,-0.230960,-0.037318,-0.040947,-0.010207
-0.085891,0.088399,-0.221378,-0.027184,-0.047124,-0.008927
-0.105100,0.094259,-0.214108,-0.018772,-0.055727,-0.009487
-0.132396,0.101910,-0.209899,-0.011630,-0.062208,-0.013463
-0.157596,0.102150,-0.203944,-0.006095,-0.061636,-0.019591
-0.171268,0.093277,-0.194264,-0.003747,-0.053958,-0.024228
-0.172297,0.082572,-0.186737,-0.003774,-0.044102,-0.025201
-0.168735,0.073310,-0.184611,-0.003953,-0.036282,-0.022771
-0.170383,0.063916,-0.183986,-0.004192,-0.030054,-0.018131
-0.177532,0.056026,-0.181138,-0.005631,-0.023416,-0.012713
-0.184285,0.054145,-0.175045,-0.007779,-0.017260,-0.007888
-0.187514,0.059098,-0.165203,-0.008578,-0.014260,-0.004641
-0.188096,0.066433,-0.152104,-0.006457,-0.015054,-0.003305
-0.188418,0.070661,-0.139205,-0.001745,-0.017896,-0.003119
-0.189829,0.069976,-0.130798,0.003528,-0.021264,-0.003651
-0.192479,0.066509,-0.126976,0.007179,-0.025363,-0.005922
-0.197501,0.062653,-0.123531,0.007785,-0.031258,-0.010218
-0.205504,0.058509,-0.116435,0.004949,-0.038371,-0.015035
-0.213320,0.052575,-0.104814,0.000190,-0.043321,-0.018254
-0.217863,0.045180,-0.091282,-0.003590,-0.043110,-0.018115
-0.220222,0.039058,-0.079658,-0.004268,-0.038190,-0.014706
-0.222750,0.035363,-0.071247,-0.002077,-0.031390,-0.010152
-0.226692,0.033411,-0.065034,0.000879,-0.025691,-0.006306
-0.232171,0.033700,-0.060152,0.003067,-0.022728,-0.003639
-0.237938,0.036509,-0.056561,0.004870,-0.022451,-0.002048
-0.242308,0.039100,-0.054671,0.007250,-0.024194,-0.001086
-0.245065,0.038234,-0.052389,0.009952,-0.027318,-0.000148
-0.246947,0.033688,-0.044404,0.011318,-0.030533,0.000849
-0.247671,0.028159,-0.029529,0.009744,-0.032003,0.001930
-0.246988,0.025231,-0.013890,0.005433,-0.030674,0.003602
-0.246001,0.026929,-0.002785,0.000073,-0.026311,0.005813
-0.245896,0.032989,0.003604,-0.004968,-0.018771,0.007334
-0.246931,0.041047,0.006053,-0.008992,-0.008540,0.006821
-0.248156,0.047378,0.004677,-0.011630,0.002752,0.004022
-0.247407,0.049374,0.000516,-0.013097,0.012859,-0.000033
-0.243377,0.047084,-0.004657,-0.014041,0.019594,-0.003874
-0.237410,0.042693,-0.009604,-0.014744,0.021590,-0.006439
-0.231883,0.038918,-0.013954,-0.014530,0.019029,-0.007311
-0.228603,0.036612,-0.017327,-0.012612,0.013549,-0.006778
-0.228800,0.034692,-0.019007,-0.009440,0.007386,-0.005716
-0.232339,0.032628,-0.019044,-0.006391,0.002430,-0.005051
-0.237386,0.030879,-0.018791,-0.004482,-0.000360,-0.005198
-0.241905,0.029585,-0.019627,-0.003807,-0.000949,-0.005964
-0.244806,0.028351,-0.021719,-0.003854,0.000012,-0.006860
-0.245794,0.026876,-0.024411,-0.004159,0.001559,-0.007533
-0.245125,0.025074,-0.027104,-0.004607,0.003015,-0.007958
-0.243680,0.022847,-0.029500,-0.005258,0.004268,-0.008210
-0.242790,0.020214,-0.031334,-0.006124,0.005566,-0.008190
-0.243065,0.017680,-0.032426,-0.007061,0.007129,-0.007706
-0.243329,0.016026,-0.033081,-0.007713,0.008611,-0.006747
-0.242071,0.015503,-0.033841,-0.007643,0.009032,-0.005490
-0.239509,0.015602,-0.035100,-0.006643,0.007721,-0.004116
-0.236940,0.015590,-0.036791,-0.005046,0.005126,-0.002888
-0.235259,0.015162,-0.038311,-0.003538,0.002295,-0.002121
-0.234780,0.014564,-0.039112,-0.002563,-0.000027,-0.001906
-0.235349,0.014033,-0.039133,-0.002121,-0.001566,-0.002063
-0.236569,0.013523,-0.038698,-0.002017,-0.002327,-0.002370
-0.238217,0.012853,-0.038294,-0.002042,-0.002427,-0.002676
-0.240218,0.011834,-0.038253,-0.002025,-0.002043,-0.002883
-0.242284,0.010445,-0.038510,-0.001894,-0.001437,-0.002900
-0.244113,0.008979,-0.038694,-0.001696,-0.000831,-0.002672
-0.245500,0.007784,-0.038568,-0.001494,-0.000232,-0.002232
-0.246038,0.006994,-0.038287,-0.001299,0.000367,-0.001665
-0.245533,0.006591,-0.037999,-0.001124,0.000823,-0.001054
-0.244313,0.006537,-0.037706,-0.000977,0.001032,-0.000488
-0.242781,0.006781,-0.037546,-0.000804,0.001032,-0.000061
-0.241343,0.007146,-0.037687,-0.000552,0.000951,0.000182
-0.240339,0.007403,-0.038241,-0.000284,0.000889,0.000272
-0.239867,0.007554,-0.039113,-0.000138,0.000846,0.000251
-0.239929,0.007824,-0.039896,-0.000144,0.000817,0.000145
-0.240350,0.008200,-0.040230,-0.000200,0.000868,-0.000009
-0.240705,0.008419,-0.040151,-0.000233,0.001009,-0.000161
-0.240703,0.008376,-0.039974,-0.000244,0.001142,-0.000301
-0.240511,0.008152,-0.039947,-0.000249,0.001196,-0.000485
-0.240432,0.007914,-0.040134,-0.000229,0.001246,-0.000754
-0.240447,0.007754,-0.040515,-0.000158,0.001392,-0.001057
-0.240386,0.007589,-0.040994,-0.000083,0.001568,-0.001262
-0.240165,0.007343,-0.041473,-0.000099,0.001570,-0.001292
-,-,-,-,-,-
-0.004463,-0.000068,-0.000859,-0.000144,-0.000167,-0.000156
-0.025090,0.000349,-0.004167,-0.000113,-0.000228,-0.000166
-0.069564,0.001250,-0.011229,-0.000099,-0.000362,-0.000195
-0.129175,0.002465,-0.020741,-0.000157,-0.000515,-0.000223
-0.187135,0.003708,-0.030077,-0.000284,-0.000615,-0.000223
-0.230859,0.004803,-0.037081,-0.000415,-0.000660,-0.000195
-0.255834,0.005583,-0.040934,-0.000483,-0.000699,-0.000146
-0.264310,0.005924,-0.041963,-0.000493,-0.000730,-0.000083
-0.261895,0.005983,-0.041031,-0.000494,-0.000722,-0.000022
-0.254535,0.006064,-0.039130,-0.000483,-0.000697,0.000023
-0.246793,0.006251,-0.037161,-0.000392,-0.000649,0.000042
-0.241162,0.006411,-0.035890,-0.000199,-0.000531,0.000045
-0.238222,0.006468,-0.035685,0.000016,-0.000335,0.000035
-0.237337,0.006486,-0.036271,0.000135,-0.000130,0.000001
-0.237638,0.006533,-0.037022,0.000106,-0.000025,-0.000062
-0.238567,0.006563,-0.037553,-0.000022,-0.000055,-0.000143
-0.239691,0.006472,-0.037834,-0.000165,-0.000153,-0.000232
-0.240691,0.006265,-0.037843,-0.000287,-0.000240,-0.000311
-0.241540,0.006018,-0.037548,-0.000365,-0.000286,-0.000357
-0.242368,0.005717,-0.037083,-0.000369,-0.000283,-0.000344
-0.243106,0.005308,-0.036637,-0.000319,-0.000242,-0.000267
-0.243439,0.004935,-0.036290,-0.000265,-0.000213,-0.000143
-0.243234,0.004843,-0.036041,-0.000200,-0.000234,-0.000002
-0.242705,0.005032,-0.035957,-0.000090,-0.000255,0.000109
-0.242079,0.005348,-0.036167,0.000046,-0.000203,0.000157
-0.241502,0.005678,-0.036711,0.000160,-0.000117,0.000151
-0.241194,0.005913,-0.037477,0.000221,-0.000075,0.000136
-0.241126,0.006006,-0.038277,0.000193,-0.000069,0.000132
-0.241039,0.006072,-0.038822,0.000051,-0.000091,0.000114
-0.240929,0.006266,-0.038851,-0.000150,-0.000141,0.000067
-0.240852,0.006541,-0.038413,-0.000311,-0.000173,-0.000003
-0.240767,0.006731,-0.037737,-0.000367,-0.000179,-0.000100
-0.240841,0.006711,-0.037053,-0.000308,-0.000202,-0.000208
-0.241266,0.006393,-0.036559,-0.000207,-0.000251,-0.000280
-0.241959,0.005911,-0.036294,-0.000149,-0.000303,-0.000269
-0.242637,0.005607,-0.036170,-0.000114,-0.000324,-0.000162
-0.242925,0.005703,-0.036178,-0.000038,-0.000273,0.000001
-0.242479,0.006103,-0.036438,0.000086,-0.000196,0.000145
-0.241511,0.006402,-0.037047,0.000215,-0.000198,0.000199
-0.240784,0.006256,-0.037960,0.000283,-0.000266,0.000143
-0.240715,0.005759,-0.038954,0.000229,-0.000305,0.000026
-0.241132,0.005307,-0.039587,0.000036,-0.000315,-0.000077
-0.241685,0.005215,-0.039547,-0.000208,-0.000342,-0.000122
-0.242066,0.005452,-0.039000,-0.000370,-0.000356,-0.000116
-0.242130,0.005788,-0.038265,-0.000420,-0.000309,-0.000090
-0.241873,0.006129,-0.037497,-0.000405,-0.000241,-0.000069
-0.241519,0.006489,-0.036747,-0.000352,-0.000228,-0.000057
-0.241359,0.006841,-0.036102,-0.000267,-0.000248,-0.000039
-0.241372,0.007131,-0.035659,-0.000169,-0.000240,-0.000026
-0.241357,0.007322,-0.035502,-0.000061,-0.000207,-0.000039
-0.241247,0.007350,-0.035793,0.000044,-0.000187,-0.000068
-0.241133,0.007177,-0.036563,0.000080,-0.000201,-0.000102
-0.241172,0.006865,-0.037519,0.000012,-0.000256,-0.000137
-0.241525,0.006393,-0.038291,-0.000092,-0.000346,-0.000152
-0.242158,0.005736,-0.038645,-0.000192,-0.000428,-0.000119
-0.242849,0.005141,-0.038492,-0.000303,-0.000468,-0.000036
-0.243377,0.004930,-0.037967,-0.000386,-0.000454,0.000094
-0.243611,0.005164,-0.037356,-0.000378,-0.000382,0.000258
-0.243487,0.005680,-0.036914,-0.000287,-0.000254,0.000432
-0.242921,0.006311,-0.036838,-0.000178,-0.000120,0.000590
-0.242026,0.006998,-0.037115,-0.000110,-0.000011,0.000692
-0.241036,0.007680,-0.037564,-0.000107,0.000076,0.000700
-0.240105,0.008248,-0.038043,-0.000153,0.000098,0.000610
-0.239509,0.008609,-0.038430,-0.000184,0.000035,0.000445
-0.239487,0.008687,-0.038639,-0.000145,-0.000049,0.000240
-0.239933,0.008521,-0.038633,-0.000067,-0.000081,0.000035
-0.240449,0.008344,-0.038443,-0.000045,-0.000088,-0.000121
-0.240848,0.008358,-0.038092,-0.000124,-0.000153,-0.000203
-0.241308,0.008436,-0.037623,-0.000218,-0.000244,-0.000216
-0.241840,0.008274,-0.037237,-0.000255,-0.000265,-0.000182
-0.242296,0.007863,-0.037025,-0.000282,-0.000222,-0.000112
-0.242617,0.007514,-0.036875,-0.000337,-0.000164,-0.000002
-0.242698,0.007436,-0.036800,-0.000359,-0.000104,0.000131
-0.242413,0.007564,-0.036949,-0.000296,-0.000041,0.000250
-0.241857,0.007741,-0.037372,-0.000199,0.000027,0.000318
-0.241286,0.007934,-0.037965,-0.000138,0.000083,0.000313
-0.240896,0.008206,-0.038551,-0.000115,0.000096,0.000247
-0.240767,0.008510,-0.039005,-0.000101,0.000081,0.000157
-0.240847,0.008720,-0.039308,-0.000112,0.000073,0.000067
-0.241016,0.008834,-0.039408,-0.000178,0.000059,-0.000013
-0.241240,0.008907,-0.039275,-0.000271,0.000021,-0.000062
-0.241478,0.008926,-0.038996,-0.000363,-0.000008,-0.000070
-0.241607,0.008892,-0.038676,-0.000463,0.000019,-0.000057
-0.241593,0.008813,-0.038465,-0.000562,0.000099,-0.000032
-0.241525,0.008681,-0.038461,-0.000643,0.000201,0.000002
-0.241545,0.008595,-0.038471,-0.000680,0.000319,0.000033
-0.241722,0.008640,-0.038285,-0.000622,0.000467,0.000074
-0.241860,0.008735,-0.038092,-0.000470,0.000608,0.000155
-0.241704,0.008773,-0.038253,-0.000323,0.000648,0.000255
-0.241289,0.008827,-0.038813,-0.000260,0.000548,0.000320
-0.240846,0.009025,-0.039486,-0.000248,0.000378,0.000321
-0.240507,0.009328,-0.040022,-0.000242,0.000223,0.000272
-0.240260,0.009650,-0.040358,-0.000251,0.000089,0.000198
-0.240117,0.009960,-0.040479,-0.000275,-0.000032,0.000113
-0.240158,0.010210,-0.040431,-0.000282,-0.000132,0.000023
-0.240465,0.010287,-0.040328,-0.000269,-0.000201,-0.000043
-0.240976,0.010119,-0.040257,-0.000266,-0.000217,-0.000057
-0.241404,0.009846,-0.040227,-0.000290,-0.000183,-0.000026
-0.241579,0.009691,-0.040151,-0.000327,-0.000137,0.000020
-0.241556,0.009710,-0.040042,-0.000337,-0.000082,0.000063
-0.241324,0.009864,-0.040068,-0.000303,-0.000015,0.000088
-0.240961,0.010130,-0.040228,-0.000245,0.000024,0.000074
-0.240772,0.010348,-0.040422,-0.000181,0.000031,0.000033
-0.240905,0.010274,-0.040728,-0.000135,0.000052,-0.000003
-0.241247,0.009916,-0.041204,-0.000134,0.000068,-0.000008
-0.241633,0.009472,-0.041666,-0.000168,0.000041,0.000022
-0.241890,0.009144,-0.041895,-0.000218,-0.000011,0.000066
-0.241849,0.009092,-0.041832,-0.000261,-0.000061,0.000093
-0.241558,0.009278,-0.041551,-0.000273,-0.000098,0.000098
-0.241235,0.009529,-0.041284,-0.000260,-0.000122,0.000104
-0.241025,0.009725,-0.041239,-0.000253,-0.000149,0.000126
-0.241024,0.009796,-0.041385,-0.000270,-0.000190,0.000157
-0.241267,0.009760,-0.041579,-0.000291,-0.000216,0.000182
-0.241582,0.009770,-0.041732,-0.000281,-0.000199,0.000201
-0.241668,0.009960,-0.041839,-0.000226,-0.000151,0.000216
-0.241414,0.010228,-0.041914,-0.000161,-0.000096,0.000225
-0.240974,0.010410,-0.041969,-0.000152,-0.000059,0.000214
-0.240527,0.010552,-0.041972,-0.000212,-0.000062,0.000179
-0.240224,0.010720,-0.041878,-0.000278,-0.000099,0.000148
-0.240126,0.010774,-0.041716,-0.000309,-0.000137,0.000144
-0.240198,0.010678,-0.041539,-0.000327,-0.000167,0.000144
-0.240471,0.010628,-0.041355,-0.000345,-0.000184,0.000125
-0.240955,0.010686,-0.041197,-0.000346,-0.000148,0.000105
-0.241485,0.010741,-0.041228,-0.000325,-0.000059,0.000108
-0.241863,0.010743,-0.041510,-0.000321,0.000020,0.000144
-0.241845,0.010856,-0.041811,-0.000363,0.000030,0.000192
-0.241315,0.011247,-0.041898,-0.000396,-0.000051,0.000218
-0.240623,0.011745,-0.041815,-0.000345,-0.000164,0.000212
-,-,-,-,-,-
-0.004201,-0.000009,-0.001512,0.000084,0.001760,0.000230
-0.023141,0.001098,-0.009211,0.001227,0.010731,0.002012
-0.062565,0.004362,-0.029120,0.003617,0.029437,0.005769
-0.112480,0.009732,-0.061475,0.006502,0.053239,0.010797
-0.156599,0.015931,-0.100437,0.008581,0.074561,0.015711
-0.184089,0.022220,-0.139022,0.009065,0.088437,0.019190
-0.191612,0.028778,-0.172074,0.008150,0.093580,0.020612
-0.181328,0.035903,-0.196886,0.006914,0.091413,0.020471
-0.158838,0.043446,-0.213251,0.006733,0.084749,0.019952
-0.130709,0.050672,-0.222619,0.008672,0.076527,0.020158
-0.102299,0.056223,-0.226817,0.013399,0.068917,0.022066
-0.077407,0.058128,-0.227820,0.020952,0.062523,0.026540
-0.058585,0.054666,-0.227813,0.030677,0.056023,0.033415
-0.046148,0.045538,-0.228032,0.041656,0.047537,0.040789
-0.037734,0.031107,-0.228203,0.052200,0.036531,0.045834
-0.030937,0.010627,-0.228567,0.059100,0.024243,0.046410
-0.025756,-0.015556,-0.231780,0.059215,0.012895,0.041735
-0.023095,-0.042318,-0.240297,0.052515,0.004599,0.032359
-0.021711,-0.063108,-0.252713,0.042138,0.000149,0.020551
-0.019272,-0.076382,-0.265248,0.031050,-0.001599,0.009801
-0.016568,-0.084238,-0.274834,0.020387,-0.002544,0.002606
-0.016096,-0.086976,-0.280153,0.011364,-0.003728,-0.001010
-0.017097,-0.084172,-0.281377,0.006357,-0.005915,-0.002242
-0.018052,-0.078183,-0.278467,0.006551,-0.010248,-0.001699
-0.021217,-0.072514,-0.271353,0.010399,-0.016671,0.000226
-0.027458,-0.069755,-0.261922,0.015332,-0.024095,0.002864
-0.032265,-0.071124,-0.252378,0.019427,-0.032858,0.006509
-0.034730,-0.075054,-0.242324,0.021551,-0.043997,0.012185
-0.041228,-0.078560,-0.230444,0.021164,-0.056678,0.019633
-0.054636,-0.081554,-0.216325,0.017453,-0.069231,0.027907
-0.071082,-0.085583,-0.198338,0.008249,-0.081793,0.037468
-0.089361,-0.086309,-0.174516,-0.008658,-0.095660,0.049218
-0.113838,-0.074461,-0.146023,-0.032328,-0.110356,0.061924
-0.146558,-0.046820,-0.115081,-0.058731,-0.123218,0.072694
-0.182484,-0.008187,-0.082884,-0.083532,-0.131708,0.079577
-0.213562,0.035231,-0.051327,-0.102413,-0.134763,0.081708
-0.234457,0.077306,-0.020770,-0.111417,-0.132646,0.078466
-0.243814,0.112075,0.010996,-0.109413,-0.126446,0.070133
-0.241630,0.135958,0.043531,-0.098040,-0.117810,0.058263
-0.229405,0.148370,0.073500,-0.079454,-0.108460,0.045326
-0.213278,0.151098,0.099830,-0.055917,-0.098297,0.033744
-0.200324,0.147143,0.122975,-0.030974,-0.085112,0.024419
-0.191124,0.139410,0.141439,-0.009273,-0.068241,0.017024
-0.181936,0.130742,0.153706,0.005657,-0.050582,0.011497
-0.171499,0.123974,0.160722,0.013195,-0.035624,0.007881
-0.160830,0.120217,0.163800,0.014984,-0.025022,0.005682
-0.150961,0.118611,0.163285,0.013251,-0.019143,0.004514
-0.143808,0.118531,0.160385,0.010093,-0.016780,0.004166
-0.141761,0.120334,0.157507,0.007183,-0.014339,0.003893
-0.145546,0.124190,0.156077,0.005629,-0.007172,0.002492
-0.153042,0.129239,0.155312,0.006139,0.007625,-0.001021
-0.160546,0.134020,0.153224,0.008679,0.029156,-0.006253
-0.166421,0.136964,0.147698,0.012216,0.053400,-0.011474
-0.172007,0.136600,0.137500,0.015256,0.075774,-0.015832
-0.178493,0.133005,0.122772,0.016483,0.092851,-0.019682
-0.185276,0.127942,0.102932,0.015682,0.102799,-0.022696
-0.191075,0.122818,0.076764,0.014299,0.105173,-0.023873
-0.195374,0.117837,0.045841,0.013827,0.100464,-0.022775
-0.198744,0.112691,0.013923,0.014101,0.089947,-0.019788
-0.201920,0.107577,-0.015780,0.014209,0.075989,-0.015888
-0.205602,0.103179,-0.041273,0.013881,0.061917,-0.012178
-0.210460,0.099784,-0.061695,0.013251,0.050865,-0.009272
-0.215741,0.097256,-0.076906,0.012480,0.044750,-0.007412
-0.219150,0.095445,-0.087945,0.012199,0.044042,-0.006846
-0.218794,0.093758,-0.097515,0.013168,0.047769,-0.007525
-0.214208,0.091102,-0.108554,0.015385,0.053914,-0.008982
-0.206059,0.086833,-0.122522,0.018273,0.060497,-0.010808
-0.195807,0.080583,-0.139376,0.021184,0.066423,-0.012851
-0.184543,0.071917,-0.158260,0.023062,0.071047,-0.014985
-0.171960,0.061543,-0.177531,0.022491,0.073277,-0.016883
-0.157573,0.051615,-0.194947,0.018803,0.071772,-0.018027
-0.142501,0.044093,-0.208860,0.012683,0.065979,-0.018069
-0.129422,0.039800,-0.218899,0.005676,0.057013,-0.017196
-0.120484,0.038717,-0.225369,-0.000466,0.047466,-0.016020
-0.115302,0.039928,-0.228869,-0.004432,0.039764,-0.015110
-0.111853,0.041970,-0.230531,-0.005912,0.034780,-0.014618
-0.108397,0.043669,-0.231705,-0.005481,0.032052,-0.014323
-0.103714,0.044549,-0.233171,-0.004022,0.030562,-0.013872
-0.097233,0.044704,-0.235026,-0.002324,0.029128,-0.012964
-0.089726,0.044116,-0.237285,-0.001028,0.026851,-0.011583
-0.083035,0.042816,-0.240023,-0.000519,0.023808,-0.010018
-0.078282,0.041399,-0.242974,-0.000644,0.021045,-0.008673
-0.074511,0.040314,-0.245673,-0.000861,0.019391,-0.007835
-0.070047,0.039366,-0.247968,-0.000852,0.018587,-0.007433
-0.064507,0.038290,-0.249887,-0.000688,0.017790,-0.007222
-0.058465,0.037168,-0.251306,-0.000537,0.016313,-0.007122
-0.052369,0.036231,-0.252133,-0.000532,0.013797,-0.007147
-0.046948,0.035716,-0.252637,-0.000651,0.010359,-0.007264
-0.043359,0.035582,-0.253402,-0.000689,0.006767,-0.007443
-0.041950,0.035348,-0.254745,-0.000547,0.003956,-0.007694
-0.042061,0.034732,-0.256294,-0.000405,0.002191,-0.008045
-0.043340,0.034068,-0.257443,-0.000454,0.001063,-0.008421
-0.045822,0.033752,-0.257871,-0.000629,0.000224,-0.008670
-0.049147,0.033917,-0.257523,-0.000709,-0.000416,-0.008674
-0.052966,0.034561,-0.256563,-0.000542,-0.000903,-0.008312
-0.057104,0.035355,-0.255433,-0.000130,-0.001250,-0.007490
-0.060903,0.035705,-0.254575,0.000318,-0.001537,-0.006207
-0.063625,0.035463,-0.254146,0.000493,-0.002099,-0.004537
-0.065291,0.035153,-0.254092,0.000353,-0.003232,-0.002612
-0.066054,0.035069,-0.254248,0.000253,-0.004723,-0.000667
-0.065155,0.034751,-0.254353,0.000464,-0.006362,0.001051
-0.062089,0.033548,-0.254143,0.000714,-0.008821,0.002401
-0.058712,0.031730,-0.253455,0.000504,-0.013006,0.003249
-0.058417,0.030753,-0.252322,-0.000149,-0.018420,0.003531
-0.063027,0.031301,-0.251175,-0.000648,-0.022811,0.003438
-0.071138,0.032133,-0.250640,-0.000647,-0.023924,0.003135
-0.079071,0.031805,-0.250701,-0.000668,-0.021658,0.002498
-0.083740,0.030636,-0.250444,-0.001582,-0.018242,0.001465
-0.085443,0.030482,-0.249061,-0.003449,-0.015986,0.000411
-0.087098,0.032461,-0.246708,-0.005270,-0.015146,-0.000200
-0.090435,0.035606,-0.244117,-0.006175,-0.014446,-0.000347
-0.094392,0.038109,-0.241690,-0.006379,-0.013205,-0.000404
-0.097267,0.039381,-0.239129,-0.006783,-0.012282,-0.000678
-0.099148,0.040601,-0.235992,-0.007912,-0.012881,-0.001136
-0.101817,0.043037,-0.232394,-0.009281,-0.014769,-0.001542
-0.106389,0.046417,-0.228923,-0.009851,-0.016232,-0.001805
-0.111671,0.049523,-0.226029,-0.009095,-0.015923,-0.002009
-0.115583,0.051557,-0.223780,-0.007394,-0.014248,-0.002181
-0.117872,0.052520,-0.222237,-0.005454,-0.012580,-0.002266
-0.120341,0.052597,-0.221737,-0.003745,-0.011609,-0.002306
-0.124382,0.051590,-0.222501,-0.002641,-0.011051,-0.002426
-0.129263,0.049283,-0.224026,-0.002780,-0.010818,-0.002609
-0.133124,0.046286,-0.224974,-0.004883,-0.011761,-0.002673
-0.135085,0.044276,-0.223729,-0.009136,-0.015003,-0.002500
-0.136276,0.045107,-0.219249,-0.014796,-0.020679,-0.002157
-0.139014,0.049547,-0.211544,-0.020431,-0.027496,-0.001785
-0.144783,0.056896,-0.201494,-0.024653,-0.033448,-0.001491
-0.153440,0.065808,-0.190359,-0.026610,-0.036828,-0.001321
-,-,-,-,-,-
-0.000834,-0.000871,-0.005046,-0.000195,-0.000127,-0.000144
-0.003889,-0.004248,-0.028240,-0.000359,0.000069,-0.000137
-0.010032,-0.011269,-0.077655,-0.000649,0.000632,-0.000205
-0.017923,-0.020048,-0.143113,-0.000953,0.001629,-0.000306
-0.025905,-0.027792,-0.206320,-0.001028,0.003278,-0.000225
-0.032403,-0.033276,-0.254141,-0.000568,0.006158,0.000126
-0.035489,-0.036783,-0.281889,0.000357,0.010351,0.000589
-0.034427,-0.038704,-0.291759,0.001248,0.015036,0.001020
-0.030313,-0.038983,-0.289643,0.001847,0.019683,0.001451
-0.024288,-0.037835,-0.281753,0.002407,0.024884,0.001947
-0.016323,-0.036249,-0.272270,0.003111,0.031352,0.002444
-0.005594,-0.035312,-0.262876,0.003630,0.038234,0.002912
0.008386,-0.035349,-0.254244,0.003333,0.043004,0.003573
0.024242,-0.036215,-0.247978,0.001666,0.043882,0.004562
0.038564,-0.037809,-0.246298,-0.001234,0.042561,0.005387
0.049233,-0.039313,-0.248992,-0.004130,0.043232,0.005357
0.058470,-0.039489,-0.252440,-0.005802,0.048117,0.004697
0.069867,-0.039086,-0.253124,-0.006542,0.055653,0.004548
0.084036,-0.039918,-0.249741,-0.007479,0.063532,0.005540
0.100235,-0.040697,-0.241385,-0.008502,0.071192,0.007269
0.119063,-0.038545,-0.227280,-0.008204,0.078839,0.009345
0.140740,-0.034726,-0.208440,-0.005989,0.086002,0.011767
0.164264,-0.033554,-0.186402,-0.002774,0.090956,0.014059
0.188896,-0.036348,-0.161608,-0.000040,0.090180,0.015053
0.213191,-0.040785,-0.135782,0.000878,0.079567,0.013882
0.233517,-0.044590,-0.114338,-0.000679,0.057951,0.010771
0.244608,-0.046967,-0.104131,-0.004553,0.029731,0.006738
0.242711,-0.047458,-0.108869,-0.009819,0.003573,0.002823
0.230567,-0.045232,-0.125980,-0.014464,-0.012183,-0.000264
0.216672,-0.040667,-0.146477,-0.016360,-0.013662,-0.002178
0.208095,-0.035801,-0.159857,-0.015137,-0.002759,-0.002897
0.206112,-0.032673,-0.160601,-0.012344,0.014052,-0.002353
0.207368,-0.033420,-0.151461,-0.010253,0.029341,-0.001079
0.208201,-0.038056,-0.141124,-0.009784,0.040134,-0.001547
0.209098,-0.041028,-0.133242,-0.009285,0.048602,-0.006103
0.213486,-0.036801,-0.122318,-0.007299,0.055433,-0.013032
0.222564,-0.027162,-0.105778,-0.004654,0.057885,-0.018279
0.234088,-0.017520,-0.087428,-0.002372,0.055438,-0.020301
0.244870,-0.009966,-0.069816,-0.000382,0.050386,-0.020204
0.252557,-0.003502,-0.054340,0.001486,0.044512,-0.019178
0.256686,0.002568,-0.042439,0.003069,0.038952,-0.017692
0.258474,0.007541,-0.033688,0.004289,0.034358,-0.016114
0.259127,0.010564,-0.026468,0.005323,0.030678,-0.015105
0.259280,0.013007,-0.018402,0.006204,0.027014,-0.014951
0.259367,0.017558,-0.008432,0.006515,0.021361,-0.014730
0.259798,0.023431,0.001151,0.005899,0.012463,-0.013480
0.261625,0.027248,0.009326,0.004591,0.001105,-0.012087
0.265636,0.029525,0.017789,0.002859,-0.012731,-0.011935
0.269884,0.033325,0.023034,0.000188,-0.030974,-0.012383
0.269695,0.037243,0.014578,-0.003815,-0.052278,-0.011938
0.261339,0.037627,-0.012880,-0.008240,-0.068841,-0.011250
0.246471,0.036646,-0.049932,-0.011962,-0.072798,-0.012307
0.230531,0.039881,-0.081465,-0.015355,-0.063879,-0.014940
0.216430,0.047863,-0.101922,-0.019624,-0.046979,-0.017117
0.204486,0.057576,-0.114569,-0.024092,-0.025534,-0.018101
0.197198,0.067701,-0.119874,-0.026103,-0.002122,-0.018602
0.198970,0.077797,-0.113710,-0.024161,0.017347,-0.018805
0.210855,0.086726,-0.096160,-0.018978,0.025036,-0.017867
0.227422,0.093310,-0.075919,-0.012077,0.017506,-0.014848
0.241187,0.096738,-0.063021,-0.005388,-0.001265,-0.009781
0.248917,0.096169,-0.060195,-0.001464,-0.024234,-0.003995
0.250152,0.091490,-0.065590,-0.001909,-0.046577,0.000472
0.243719,0.085115,-0.078956,-0.005833,-0.065757,0.002033
0.230258,0.081105,-0.099632,-0.011080,-0.079680,0.000844
0.213821,0.081351,-0.122972,-0.016274,-0.087357,-0.001356
0.197277,0.084618,-0.144163,-0.020700,-0.090249,-0.003237
0.179049,0.089560,-0.163058,-0.023149,-0.090807,-0.005034
0.156355,0.095951,-0.181312,-0.022660,-0.089387,-0.007455
0.130975,0.103268,-0.197647,-0.019937,-0.084646,-0.010450
0.109349,0.110148,-0.209282,-0.016727,-0.077621,-0.013367
0.094218,0.115609,-0.216250,-0.014170,-0.072020,-0.015844
0.081091,0.120078,-0.221169,-0.012426,-0.069510,-0.018007
0.065437,0.124629,-0.225498,-0.011410,-0.068213,-0.019696
0.047260,0.129718,-0.228340,-0.011134,-0.065880,-0.020235
0.028544,0.135011,-0.228486,-0.011429,-0.062474,-0.019216
0.010415,0.139669,-0.226328,-0.011950,-0.059399,-0.016842
-0.006707,0.142873,-0.222739,-0.012590,-0.056966,-0.013673
-0.021597,0.144761,-0.217491,-0.013382,-0.054781,-0.010511
-0.033499,0.146405,-0.211291,-0.014159,-0.053910,-0.008089
-0.044248,0.148343,-0.207041,-0.014708,-0.054796,-0.006803
-0.055929,0.149921,-0.206014,-0.014942,-0.054633,-0.006927
-0.068011,0.150775,-0.205357,-0.014908,-0.050690,-0.008579
-0.078788,0.152036,-0.201920,-0.014764,-0.043812,-0.011144
-0.087817,0.155122,-0.195816,-0.014441,-0.036351,-0.013187
-0.095733,0.159930,-0.189071,-0.013373,-0.029303,-0.013417
-0.102506,0.164649,-0.183350,-0.010966,-0.022557,-0.011629
-0.107566,0.167379,-0.179322,-0.007270,-0.015811,-0.008646
-0.110844,0.167846,-0.176683,-0.002885,-0.008689,-0.005547
-0.112128,0.166905,-0.174744,0.001438,-0.001372,-0.002893
-0.110985,0.164958,-0.173656,0.004880,0.004963,-0.000628
-0.108145,0.161991,-0.174471,0.006858,0.009323,0.001313
-0.105011,0.158458,-0.177491,0.007363,0.011931,0.002647
-0.101847,0.155154,-0.181438,0.006661,0.013289,0.003089
-0.098342,0.152739,-0.184781,0.004889,0.013165,0.002733
-0.095023,0.151708,-0.187097,0.002174,0.011241,0.002029
-0.092689,0.152224,-0.188867,-0.000987,0.008098,0.001504
-0.091214,0.153764,-0.190043,-0.003934,0.004930,0.001506
-0.089745,0.155561,-0.189475,-0.006408,0.002491,0.002110
-0.087935,0.157443,-0.186305,-0.008565,0.000719,0.003302
-0.086311,0.159714,-0.181035,-0.010547,-0.000743,0.005078
-0.085353,0.162642,-0.175172,-0.012146,-0.002033,0.007236
-0.085030,0.166164,-0.170242,-0.012884,-0.003041,0.009321
-0.085290,0.169737,-0.166865,-0.012444,-0.003690,0.010759
-0.085975,0.172732,-0.165343,-0.010740,-0.004273,0.010931
-0.086520,0.174705,-0.166517,-0.007711,-0.005039,0.009487
-0.086738,0.175434,-0.170274,-0.003494,-0.005486,0.006683
-0.086992,0.175191,-0.174640,0.001366,-0.004975,0.003194
-0.087115,0.174384,-0.177725,0.006045,-0.003834,-0.000242
-0.086501,0.172968,-0.179190,0.009670,-0.002837,-0.003018
-0.085405,0.170818,-0.179671,0.011694,-0.002011,-0.004738
-0.084968,0.168333,-0.179941,0.012159,-0.000930,-0.005317
-0.085527,0.166174,-0.180621,0.011563,0.000496,-0.004991
-0.086109,0.164714,-0.181886,0.010657,0.001823,-0.004168
-0.086240,0.163862,-0.183447,0.010224,0.002271,-0.003263
-0.086588,0.163022,-0.184964,0.010660,0.001356,-0.002563
-0.087527,0.161436,-0.186112,0.011720,-0.000844,-0.002230
-0.088683,0.158584,-0.186599,0.012632,-0.004060,-0.002228
-0.090053,0.154365,-0.186404,0.012395,-0.008041,-0.002388
-0.092651,0.149480,-0.185669,0.010153,-0.012283,-0.002757
-0.097514,0.145311,-0.184429,0.005609,-0.015799,-0.003649
-0.104194,0.143156,-0.182999,-0.000705,-0.017475,-0.005292
-0.110712,0.143820,-0.182320,-0.007275,-0.016580,-0.007335
-0.115210,0.147218,-0.182637,-0.011867,-0.013334,-0.008899
-0.117205,0.151843,-0.182821,-0.012812,-0.009067,-0.009289
-0.117361,0.155538,-0.181970,-0.010271,-0.005200,-0.008443
-0.116948,0.157003,-0.180237,-0.005940,-0.002253,-0.006846
-0.117179,0.156192,-0.178119,-0.001914,0.000113,-0.005273
-0.118502,0.154028,-0.176478,0.000267,0.002582,-0.004422
-,-,-,-,-,-
-0.002265,0.002386,-0.002929,-0.000411,-0.000619,-0.000236
-0.012667,0.014406,-0.016084,-0.001775,-0.003158,-0.000581
-0.036498,0.040309,-0.044061,-0.005041,-0.009482,-0.001252
-0.071927,0.075907,-0.080688,-0.009691,-0.018895,-0.002177
-0.111699,0.112340,-0.114576,-0.013848,-0.027781,-0.003341
-0.147409,0.141284,-0.137138,-0.015674,-0.032200,-0.004656
-0.172952,0.158219,-0.145356,-0.014624,-0.030606,-0.005978
-0.186506,0.163923,-0.141309,-0.011361,-0.023870,-0.007344
-0.189963,0.162367,-0.130395,-0.006739,-0.013662,-0.008859
-0.187436,0.157720,-0.119049,-0.000976,-0.001501,-0.010592
-0.183478,0.152364,-0.112133,0.006153,0.011222,-0.012797
-0.180403,0.146612,-0.111559,0.014377,0.023131,-0.015959
-0.177601,0.140231,-0.117009,0.022938,0.033120,-0.020363
-0.173842,0.132909,-0.126916,0.031192,0.040511,-0.025626
-0.168593,0.123730,-0.139253,0.038408,0.044944,-0.030720
-0.161591,0.112185,-0.152585,0.043840,0.046368,-0.034492
-0.153030,0.098759,-0.165961,0.047312,0.045037,-0.036211
-0.144120,0.083392,-0.178215,0.048675,0.041338,-0.035659
-0.136651,0.065806,-0.188843,0.047431,0.035790,-0.033030
-0.131927,0.047815,-0.198362,0.043918,0.029338,-0.029127
-0.130050,0.032292,-0.206808,0.039603,0.023382,-0.025026
-0.129937,0.019959,-0.213876,0.036001,0.019056,-0.020957
-0.129893,0.009005,-0.219491,0.034026,0.016200,-0.016425
-0.128540,-0.002510,-0.223222,0.033325,0.013562,-0.011413
-0.125954,-0.014387,-0.225341,0.032327,0.010282,-0.006461
-0.123391,-0.024566,-0.226727,0.030016,0.006459,-0.002150
-0.121601,-0.031641,-0.226991,0.026769,0.002470,0.000935
-0.120369,-0.036305,-0.225817,0.023186,-0.001223,0.002539
-0.118990,-0.038972,-0.224559,0.019828,-0.004210,0.003157
-0.116809,-0.038547,-0.224088,0.018206,-0.006848,0.003981
-0.114964,-0.036880,-0.223243,0.019599,-0.010024,0.006456
-0.116107,-0.038738,-0.220605,0.022752,-0.013984,0.010952
-0.121153,-0.044776,-0.215921,0.025239,-0.017976,0.015943
-0.128966,-0.051585,-0.209496,0.026338,-0.021031,0.019700
-0.138872,-0.057953,-0.201786,0.026388,-0.022640,0.021794
-0.150443,-0.064504,-0.193838,0.025063,-0.022551,0.022049
-0.161723,-0.069697,-0.187357,0.022112,-0.020620,0.020064
-0.170596,-0.071927,-0.183545,0.018308,-0.017074,0.016483
-0.176734,-0.072673,-0.181809,0.014292,-0.012470,0.012757
-0.180253,-0.073833,-0.180600,0.009627,-0.007513,0.009409
-0.180554,-0.075472,-0.178635,0.003282,-0.003081,0.006059
-0.177850,-0.077268,-0.175018,-0.006502,0.000247,0.002809
-0.174568,-0.078537,-0.170546,-0.022115,0.003216,0.000189
-0.174249,-0.077063,-0.167992,-0.044631,0.008003,-0.001927
-0.177894,-0.069706,-0.169573,-0.072175,0.016709,-0.004434
-0.180442,-0.052832,-0.178141,-0.099612,0.028642,-0.007740
-0.173839,-0.023722,-0.197148,-0.118951,0.039377,-0.010504
-0.156196,0.014681,-0.221669,-0.123180,0.044595,-0.010490
-0.133722,0.053494,-0.239407,-0.111557,0.043615,-0.007116
-0.113395,0.084523,-0.244073,-0.089421,0.038353,-0.002192
-0.098834,0.104382,-0.238375,-0.064109,0.031396,0.002191
-0.091252,0.114068,-0.228181,-0.041870,0.025570,0.005453
-0.089411,0.117288,-0.218567,-0.025909,0.023720,0.007969
-0.089229,0.118278,-0.212017,-0.015982,0.027340,0.009818
-0.086283,0.119884,-0.208622,-0.009915,0.035116,0.010725
-0.078910,0.123306,-0.207533,-0.005046,0.043599,0.010634
-0.068503,0.128579,-0.207920,0.000927,0.049672,0.009879
-0.057263,0.133499,-0.209809,0.008917,0.052238,0.008987
-0.046151,0.133872,-0.214083,0.017849,0.051835,0.008295
-0.034426,0.127435,-0.220911,0.025371,0.049163,0.007733
-0.020549,0.116023,-0.229349,0.029395,0.044224,0.007185
-0.005126,0.102991,-0.238327,0.029373,0.037167,0.006825
0.008361,0.090498,-0.246719,0.026253,0.029325,0.006851
0.017868,0.079766,-0.252631,0.021446,0.022383,0.007143
0.025073,0.072007,-0.253713,0.016275,0.016745,0.007289
0.031708,0.068039,-0.249111,0.012036,0.011284,0.006891
0.036395,0.067624,-0.241237,0.009879,0.004973,0.006009
0.037812,0.069419,-0.233896,0.010282,-0.002207,0.005272
0.038529,0.071426,-0.227979,0.012700,-0.011291,0.005206
0.041120,0.071407,-0.221973,0.016288,-0.025364,0.005519
0.041911,0.066665,-0.217066,0.020445,-0.046028,0.005591
0.032308,0.055494,-0.217493,0.023879,-0.069801,0.005116
0.007263,0.040457,-0.225338,0.025306,-0.089083,0.003380
-0.029339,0.026642,-0.237895,0.025491,-0.096474,-0.000559
-0.069107,0.016549,-0.249813,0.025780,-0.089113,-0.006057
-0.104095,0.009697,-0.256771,0.025945,-0.070285,-0.011056
-0.127657,0.004351,-0.257729,0.025028,-0.047616,-0.013811
-0.138561,-0.001411,-0.254691,0.022017,-0.029006,-0.013214
-0.143077,-0.007995,-0.251616,0.016205,-0.018386,-0.009076
-0.147643,-0.014168,-0.251559,0.008091,-0.014821,-0.003029
-0.152402,-0.018204,-0.253145,-0.001088,-0.015464,0.002327
-0.154939,-0.018678,-0.252688,-0.010449,-0.018215,0.005608
-0.155372,-0.015216,-0.248469,-0.019651,-0.021783,0.007193
-0.155133,-0.008283,-0.240819,-0.028485,-0.025083,0.008042
-0.155113,0.001403,-0.230781,-0.036682,-0.027498,0.008881
-0.156054,0.012922,-0.219723,-0.044100,-0.029045,0.010210
-0.158085,0.025706,-0.208583,-0.050731,-0.029912,0.012311
-0.160112,0.039900,-0.196958,-0.056555,-0.030236,0.015133
-0.161848,0.055879,-0.184101,-0.061318,-0.029887,0.018522
-0.165067,0.074071,-0.170335,-0.064199,-0.027706,0.022342
-0.169764,0.094265,-0.156379,-0.063571,-0.021879,0.025662
-0.171724,0.114687,-0.142701,-0.057860,-0.012456,0.026726
-0.167993,0.132326,-0.130391,-0.047421,-0.002786,0.024783
-0.161317,0.144778,-0.121556,-0.034733,0.003302,0.020705
-0.155986,0.152202,-0.117764,-0.022075,0.005202,0.015438
-0.153850,0.156348,-0.118697,-0.010123,0.005288,0.009523
-0.155882,0.158506,-0.123489,0.001419,0.006924,0.003820
-0.162420,0.159823,-0.132220,0.014017,0.014367,-0.001207
-0.170298,0.160997,-0.144671,0.030578,0.031598,-0.006449
-0.172090,0.159916,-0.159630,0.052709,0.057869,-0.012509
-0.159653,0.151825,-0.176127,0.077124,0.085194,-0.017697
-0.130648,0.132858,-0.192527,0.096512,0.102209,-0.019337
-0.092789,0.102386,-0.205949,0.104624,0.101040,-0.016248
-0.058946,0.063016,-0.215065,0.099646,0.081555,-0.009690
-0.038076,0.021004,-0.221500,0.083713,0.050646,-0.002949
-0.032308,-0.014996,-0.227076,0.061057,0.017805,0.000689
-0.038592,-0.037984,-0.232154,0.036703,-0.009537,-0.000026
-0.052235,-0.045335,-0.237939,0.015609,-0.027678,-0.003836
-0.070003,-0.040054,-0.246261,0.000689,-0.035627,-0.007657
-0.089258,-0.029604,-0.256144,-0.008481,-0.034260,-0.008918
-0.106310,-0.020396,-0.264202,-0.013677,-0.025793,-0.007677
-0.117093,-0.014134,-0.268763,-0.016560,-0.013016,-0.004888
-0.119991,-0.009913,-0.270608,-0.019455,0.001010,-0.000403
-0.116084,-0.005995,-0.269922,-0.023736,0.013516,0.005247
-0.106352,-0.000345,-0.266147,-0.027827,0.022544,0.010013
-0.092120,0.007505,-0.259839,-0.029461,0.026891,0.012401
-0.076484,0.016709,-0.252664,-0.028006,0.026528,0.012159
-0.062686,0.026650,-0.246664,-0.024018,0.022778,0.009768
-0.052468,0.036288,-0.243506,-0.018676,0.017398,0.006541
-0.046515,0.043665,-0.243704,-0.013528,0.011806,0.003981
-0.044653,0.047658,-0.246594,-0.009798,0.007123,0.002656
-0.045159,0.049202,-0.250892,-0.007870,0.004093,0.002231
-0.045780,0.049788,-0.255064,-0.007556,0.002605,0.002237
-0.045277,0.050094,-0.257781,-0.008579,0.001670,0.002349
-0.043917,0.050729,-0.258559,-0.010586,0.000248,0.002278
-0.042924,0.052732,-0.257753,-0.012970,-0.001943,0.001891
-0.043096,0.056679,-0.256052,-0.015099,-0.004548,0.001456
-0.044667,0.061725,-0.254127,-0.016878,-0.007114,0.001507
-,-,-,-,-,-
-0.000720,0.000751,-0.004745,-0.000204,-0.000117,-0.000134
-0.003522,0.004825,-0.026683,-0.000432,0.000066,-0.000042
-0.009878,0.012982,-0.073935,-0.000953,0.000556,0.000085
-0.018801,0.023254,-0.137367,-0.001736,0.001537,0.000059
-0.027399,0.033159,-0.199329,-0.002578,0.002948,-0.000238
-0.032995,0.041175,-0.246389,-0.003212,0.004270,-0.000616
-0.034719,0.046350,-0.273537,-0.003506,0.004940,-0.000779
-0.033495,0.048414,-0.283147,-0.003576,0.004936,-0.000753
-0.030854,0.048167,-0.281479,-0.003668,0.004772,-0.000856
-0.027533,0.046871,-0.274915,-0.003959,0.004885,-0.001228
-0.023672,0.045395,-0.267757,-0.004691,0.005029,-0.001726
-0.020258,0.044484,-0.262241,-0.006143,0.004669,-0.002302
-0.018572,0.045175,-0.259039,-0.008105,0.003863,-0.003069
-0.018415,0.048062,-0.257374,-0.009847,0.003008,-0.003952
-0.018782,0.052535,-0.256056,-0.010793,0.002087,-0.004613
-0.019731,0.057399,-0.254714,-0.010888,0.000994,-0.004834
-0.021659,0.061911,-0.253581,-0.010302,0.000073,-0.004688
-0.023794,0.065804,-0.252680,-0.009233,-0.000390,-0.004293
-0.025190,0.068835,-0.251890,-0.007954,-0.000596,-0.003679
-0.025879,0.070799,-0.251395,-0.006711,-0.000750,-0.002940
-0.026085,0.071709,-0.251398,-0.005707,-0.000831,-0.002276
-0.025647,0.071930,-0.251723,-0.005169,-0.000954,-0.001846
-0.024829,0.072244,-0.252054,-0.005183,-0.001330,-0.001659
-0.024491,0.073330,-0.252283,-0.005507,-0.001831,-0.001612
-0.024905,0.075048,-0.252450,-0.005749,-0.002076,-0.001593
-0.025414,0.076599,-0.252411,-0.005813,-0.002032,-0.001542
-0.025646,0.077555,-0.251940,-0.005973,-0.002107,-0.001494
-0.026064,0.078422,-0.251091,-0.006397,-0.002540,-0.001556
-0.026930,0.079947,-0.250067,-0.006882,-0.003107,-0.001762
-0.027772,0.082125,-0.248973,-0.007142,-0.003556,-0.001998
-0.028194,0.084291,-0.247711,-0.007194,-0.004024,-0.002141
-0.028522,0.086124,-0.246119,-0.007212,-0.004823,-0.002185
-0.029544,0.088076,-0.244446,-0.007127,-0.005904,-0.002135
-0.031709,0.090446,-0.243229,-0.006718,-0.006790,-0.001931
-0.034609,0.092729,-0.242698,-0.005999,-0.007080,-0.001574
-0.037473,0.094494,-0.242701,-0.005182,-0.006738,-0.001167
-0.039974,0.095907,-0.242927,-0.004337,-0.005797,-0.000778
-0.041970,0.096936,-0.243075,-0.003363,-0.004207,-0.000378
-0.042869,0.097099,-0.242860,-0.002385,-0.002242,-0.000004
-0.042203,0.096441,-0.242137,-0.001748,-0.000634,0.000183
-0.040392,0.095786,-0.241061,-0.001577,0.000048,0.000120
-0.038255,0.095624,-0.239660,-0.001772,-0.000181,-0.000084
-0.036258,0.095647,-0.237485,-0.002365,-0.001075,-0.000450
-0.034441,0.095633,-0.234030,-0.003593,-0.002682,-0.001245
-0.032845,0.096039,-0.229343,-0.005515,-0.005219,-0.002654
-0.032098,0.097232,-0.224185,-0.007802,-0.008743,-0.004662
-0.033214,0.098583,-0.219542,-0.010231,-0.013449,-0.007261
-0.037141,0.099643,-0.216155,-0.013076,-0.019889,-0.010348
-0.044775,0.101715,-0.214349,-0.016473,-0.028225,-0.013339
-0.056121,0.105993,-0.213456,-0.019907,-0.038056,-0.015216
-0.070071,0.111382,-0.211570,-0.023077,-0.049470,-0.015133
-0.086065,0.116350,-0.206633,-0.026358,-0.062756,-0.013125
-0.104320,0.121135,-0.196976,-0.029716,-0.076834,-0.010372
-0.124124,0.126912,-0.181296,-0.032018,-0.089496,-0.008470
-0.143612,0.133491,-0.159564,-0.031928,-0.099308,-0.008191
-0.161984,0.138764,-0.133501,-0.029417,-0.106391,-0.009115
-0.180825,0.141211,-0.105762,-0.025898,-0.110806,-0.010372
-0.201253,0.141600,-0.078534,-0.022471,-0.110956,-0.011285
-0.220891,0.141623,-0.053070,-0.018730,-0.104678,-0.011323
-0.235863,0.141896,-0.030798,-0.013671,-0.091074,-0.010206
-0.244371,0.141440,-0.013661,-0.007140,-0.070987,-0.008261
-0.246646,0.139351,-0.002862,-0.000202,-0.046899,-0.006100
-0.243650,0.136527,0.001952,0.005822,-0.022212,-0.004103
-0.237451,0.134940,0.001660,0.010651,0.000507,-0.002467
-0.230642,0.135358,-0.003381,0.015232,0.020774,-0.001397
-0.224654,0.136537,-0.012885,0.020610,0.039500,-0.001090
-0.218987,0.136722,-0.026393,0.027033,0.057359,-0.001710
-0.212041,0.135133,-0.043840,0.034166,0.074208,-0.003101
-0.203306,0.131250,-0.065247,0.041247,0.089582,-0.004482
-0.193597,0.123835,-0.089983,0.046992,0.102542,-0.005513
-0.182695,0.113101,-0.116955,0.050105,0.111045,-0.007062
-0.169544,0.101525,-0.144631,0.049712,0.112878,-0.009338
-0.154994,0.090644,-0.171103,0.045398,0.107667,-0.011109
-0.141360,0.080619,-0.194615,0.037681,0.097712,-0.011635
-0.129655,0.072158,-0.214077,0.028399,0.087009,-0.011248
-0.118611,0.066074,-0.229188,0.019672,0.079032,-0.010282
-0.105383,0.062536,-0.239755,0.012730,0.074935,-0.008785
-0.086815,0.061229,-0.245570,0.008187,0.073449,-0.006773
-0.061553,0.061246,-0.247246,0.006257,0.071655,-0.004178
-0.032458,0.061599,-0.246413,0.006511,0.066319,-0.000867
-0.005761,0.061889,-0.245298,0.008447,0.056089,0.003132
0.013351,0.061117,-0.245959,0.011795,0.042575,0.007552
0.023454,0.057296,-0.249267,0.015696,0.028891,0.011936
0.026156,0.049860,-0.254525,0.018722,0.017630,0.015653
0.024826,0.040629,-0.259780,0.020063,0.010008,0.018042
0.023243,0.031839,-0.262809,0.019847,0.005870,0.018752
0.023656,0.024649,-0.262491,0.018488,0.004048,0.017893
0.026068,0.019681,-0.258973,0.016557,0.002985,0.015930
0.029223,0.017499,-0.252932,0.015223,0.001469,0.013468
0.031791,0.017751,-0.245246,0.015817,-0.001046,0.011111
0.032512,0.018848,-0.237387,0.018669,-0.004719,0.009464
0.029978,0.018545,-0.231798,0.023122,-0.009206,0.008879
0.023680,0.014853,-0.230419,0.028566,-0.013301,0.009120
0.015039,0.006792,-0.233267,0.034561,-0.015739,0.009767
0.006520,-0.006392,-0.239532,0.040252,-0.016189,0.010935
-0.000097,-0.025956,-0.248994,0.044276,-0.015194,0.012852
-0.004219,-0.051209,-0.261063,0.045162,-0.013561,0.014659
-0.006091,-0.077170,-0.273160,0.042179,-0.011818,0.014963
-0.006534,-0.097741,-0.281383,0.035834,-0.010386,0.013666
-0.006552,-0.110260,-0.282747,0.027229,-0.009888,0.011881
-0.007262,-0.115178,-0.277597,0.017623,-0.010548,0.010412
-0.009262,-0.113985,-0.269428,0.008537,-0.011905,0.009289
-0.012377,-0.109027,-0.261762,0.001135,-0.013564,0.008420
-0.017187,-0.102804,-0.256828,-0.004194,-0.015083,0.007867
-0.023999,-0.097224,-0.255364,-0.007815,-0.015550,0.007384
-0.030153,-0.093927,-0.255659,-0.011571,-0.015254,0.006493
-0.033841,-0.092907,-0.255843,-0.018386,-0.016029,0.004942
-0.038232,-0.091074,-0.256064,-0.029572,-0.018093,0.002452
-0.046148,-0.084445,-0.256480,-0.042999,-0.019154,-0.001332
-0.056291,-0.071578,-0.257416,-0.055234,-0.016549,-0.006086
-0.066616,-0.053125,-0.259559,-0.064306,-0.007948,-0.010790
-0.074587,-0.030236,-0.261638,-0.068793,0.008084,-0.014622
-0.076053,-0.006013,-0.261923,-0.067385,0.029822,-0.017073
-0.068723,0.015334,-0.260422,-0.060855,0.052531,-0.017769
-0.053552,0.032426,-0.257244,-0.051397,0.071951,-0.016947
-0.030976,0.046484,-0.251386,-0.040606,0.085241,-0.015128
-0.000608,0.058276,-0.242619,-0.030221,0.089328,-0.011810
0.033099,0.067684,-0.233602,-0.022469,0.082792,-0.006027
0.061049,0.074387,-0.228000,-0.017938,0.069528,0.001326
0.078793,0.078614,-0.225589,-0.014766,0.056893,0.007646
0.090504,0.081213,-0.222109,-0.010705,0.049400,0.011380
0.102473,0.081717,-0.215299,-0.005403,0.045655,0.012994
0.116556,0.078596,-0.207838,-0.000388,0.041595,0.013342
0.131088,0.072188,-0.203784,0.002831,0.035364,0.012581
0.144843,0.064862,-0.204190,0.003977,0.028022,0.010683
0.157049,0.058649,-0.206677,0.003552,0.020859,0.007912
0.166304,0.054490,-0.208564,0.002130,0.014032,0.004681
0.171765,0.052799,-0.208887,0.000251,0.007185,0.001466
-,-,-,-,-,-
-0.001645,0.001441,-0.004549,-0.000116,0.000884,-0.000293
-0.008112,0.009054,-0.025345,0.000183,0.006089,-0.001050
-0.019709,0.025631,-0.069389,0.001073,0.017589,-0.002835
-0.030833,0.048332,-0.127175,0.002502,0.032645,-0.005176
-0.036924,0.070559,-0.182789,0.003927,0.046099,-0.007054
-0.038135,0.086413,-0.225890,0.004958,0.055541,-0.008119
-0.034535,0.093851,-0.252493,0.005640,0.061474,-0.008780
-0.023851,0.094639,-0.262894,0.005909,0.063683,-0.009219
-0.006797,0.091782,-0.261821,0.005281,0.060928,-0.009080
0.010958,0.087691,-0.256472,0.003458,0.054247,-0.008038
0.025506,0.084083,-0.251287,0.000842,0.047118,-0.006201
0.038370,0.082154,-0.246406,-0.001853,0.041696,-0.003918
0.051660,0.082213,-0.241218,-0.004313,0.037113,-0.001459
0.064266,0.084012,-0.236516,-0.006524,0.031775,0.000944
0.074227,0.087486,-0.233170,-0.008039,0.025547,0.002976
0.081305,0.092248,-0.231342,-0.008049,0.019275,0.004561
0.086102,0.096995,-0.231343,-0.006176,0.013722,0.006204
0.089259,0.100318,-0.232997,-0.002817,0.009316,0.008717
0.091813,0.101447,-0.234561,0.001205,0.005717,0.012550
0.093584,0.099699,-0.234992,0.005068,0.002136,0.017643
0.092846,0.094453,-0.235145,0.008071,-0.001229,0.023738
0.090750,0.086080,-0.234778,0.009851,-0.003702,0.029987
0.090723,0.075707,-0.232930,0.010782,-0.005684,0.034319
0.092619,0.064699,-0.230945,0.011677,-0.007778,0.034702
0.094323,0.055421,-0.230592,0.012913,-0.009820,0.031196
0.095271,0.049752,-0.231905,0.014383,-0.011700,0.025727
0.095211,0.046141,-0.234428,0.015889,-0.013455,0.020157
0.094323,0.041785,-0.237498,0.017017,-0.015058,0.015373
0.093272,0.035989,-0.240253,0.017459,-0.016962,0.011527
0.091723,0.029433,-0.242695,0.017748,-0.019654,0.008381
0.088192,0.023174,-0.245816,0.018647,-0.022840,0.006006
0.081317,0.017863,-0.250291,0.019876,-0.025776,0.005154
0.071183,0.012823,-0.255543,0.020700,-0.027670,0.006085
0.059030,0.007062,-0.260697,0.021101,-0.027680,0.007810
0.047041,0.000391,-0.264929,0.021026,-0.025640,0.009195
0.037358,-0.006474,-0.267392,0.019873,-0.022600,0.009679
0.030113,-0.012370,-0.268548,0.017410,-0.019669,0.009136
0.024987,-0.017116,-0.270026,0.013983,-0.017001,0.007884
0.022078,-0.021696,-0.272996,0.009917,-0.014443,0.006307
0.020692,-0.026555,-0.277224,0.005333,-0.011975,0.004371
0.020354,-0.030865,-0.281101,0.000250,-0.009600,0.001842
0.020731,-0.033351,-0.283010,-0.005542,-0.007656,-0.001170
0.021141,-0.033265,-0.282368,-0.012375,-0.006758,-0.004287
0.021259,-0.030269,-0.279437,-0.020184,-0.007215,-0.007371
0.020423,-0.023727,-0.275390,-0.028259,-0.008565,-0.010466
0.017525,-0.013196,-0.271855,-0.035258,-0.009346,-0.013440
0.013097,-0.000025,-0.269291,-0.039945,-0.008132,-0.016228
0.008931,0.013324,-0.266796,-0.042505,-0.005058,-0.019037
0.004762,0.026436,-0.263744,-0.043854,-0.000717,-0.021843
-0.000461,0.040352,-0.260239,-0.043906,0.005421,-0.024117
-0.005642,0.054089,-0.256931,-0.042178,0.013844,-0.025482
-0.008867,0.066059,-0.254805,-0.038900,0.024337,-0.026067
-0.006794,0.077018,-0.252825,-0.034631,0.035721,-0.025944
0.004905,0.088069,-0.247727,-0.030249,0.044013,-0.024925
0.024075,0.098498,-0.239049,-0.026930,0.044249,-0.023015
0.040973,0.107274,-0.230952,-0.024963,0.036420,-0.020504
0.049544,0.114402,-0.226449,-0.023460,0.025922,-0.017775
0.053302,0.120580,-0.223485,-0.021665,0.016904,-0.015261
0.057016,0.126542,-0.219176,-0.019577,0.009058,-0.013238
0.059471,0.132310,-0.214269,-0.017248,0.001368,-0.011656
0.058195,0.136910,-0.210933,-0.014530,-0.005405,-0.010391
0.054342,0.139653,-0.209607,-0.011608,-0.010623,-0.009457
0.049311,0.141408,-0.210090,-0.008897,-0.014568,-0.008745
0.042929,0.143128,-0.212617,-0.006546,-0.017145,-0.007940
0.035907,0.144340,-0.216624,-0.004692,-0.018038,-0.006905
0.029642,0.144489,-0.220579,-0.003647,-0.017619,-0.005811
0.024619,0.144031,-0.223218,-0.003464,-0.016605,-0.004941
0.020337,0.143723,-0.224225,-0.003778,-0.015374,-0.004452
0.015904,0.144054,-0.224146,-0.004121,-0.013842,-0.004221
0.011244,0.145169,-0.223528,-0.004157,-0.011738,-0.003956
0.007626,0.146638,-0.222253,-0.003763,-0.009179,-0.003501
0.006056,0.147648,-0.220271,-0.003068,-0.006889,-0.002934
0.005875,0.147810,-0.218337,-0.002346,-0.005524,-0.002414
0.005878,0.147505,-0.217169,-0.001801,-0.005133,-0.002079
0.005741,0.147358,-0.216530,-0.001440,-0.005531,-0.002026
0.005488,0.147686,-0.215831,-0.001120,-0.006697,-0.002257
0.004484,0.148330,-0.215183,-0.000728,-0.008557,-0.002598
0.001927,0.148893,-0.215167,-0.000240,-0.010642,-0.002838
-0.001968,0.149184,-0.215784,0.000395,-0.012320,-0.002952
-0.006074,0.149150,-0.216482,0.001158,-0.013509,-0.002985
-0.009932,0.148506,-0.217231,0.001725,-0.014714,-0.002841
-0.014401,0.147326,-0.218506,0.001698,-0.015996,-0.002450
-0.019886,0.146518,-0.219993,0.001264,-0.016465,-0.001956
-0.025174,0.146648,-0.220519,0.001106,-0.015387,-0.001510
-0.029059,0.147013,-0.219586,0.001484,-0.013210,-0.001077
-0.031726,0.146740,-0.218021,0.002044,-0.010850,-0.000599
-0.033765,0.145927,-0.216897,0.002468,-0.008700,-0.000126
-0.035118,0.145057,-0.216576,0.002727,-0.006800,0.000250
-0.035647,0.144309,-0.216904,0.002877,-0.005265,0.000449
-0.035728,0.143709,-0.217642,0.002981,-0.004214,0.000476
-0.035877,0.143108,-0.218629,0.003051,-0.003624,0.000442
-0.036284,0.142258,-0.219819,0.002974,-0.003292,0.000459
-0.036680,0.141258,-0.220983,0.002624,-0.002934,0.000512
-0.036671,0.140552,-0.221620,0.002041,-0.002471,0.000494
-0.036434,0.140353,-0.221587,0.001435,-0.002071,0.000371
-0.036612,0.140358,-0.221374,0.000996,-0.001796,0.000215
-0.037302,0.140210,-0.221431,0.000741,-0.001521,0.000086
-0.037981,0.140040,-0.221667,0.000570,-0.001218,-0.000015
-0.038466,0.140095,-0.221842,0.000418,-0.000976,-0.000077
-0.038946,0.140168,-0.221900,0.000252,-0.000782,-0.000071
-0.039263,0.140021,-0.221777,0.000048,-0.000577,0.000001
-0.039146,0.139810,-0.221384,-0.000120,-0.000393,0.000115
-0.038753,0.139711,-0.220861,-0.000156,-0.000284,0.000253
-0.038331,0.139669,-0.220504,-0.000060,-0.000209,0.000393
-0.037816,0.139595,-0.220424,0.000074,-0.000106,0.000486
-0.037062,0.139542,-0.220453,0.000136,-0.000020,0.000457
-0.036307,0.139646,-0.220422,0.000105,-0.000018,0.000290
-0.036010,0.139878,-0.220330,0.000028,-0.000057,0.000065
-0.036189,0.140017,-0.220231,-0.000081,-0.000089,-0.000132
-0.036504,0.140055,-0.220102,-0.000225,-0.000154,-0.000289
-0.036874,0.140275,-0.219952,-0.000336,-0.000289,-0.000400
-0.037456,0.140658,-0.219919,-0.000334,-0.000426,-0.000403
-0.038203,0.140838,-0.220061,-0.000226,-0.000472,-0.000269
-0.038810,0.140678,-0.220176,-0.000078,-0.000415,-0.000045
-0.039100,0.140334,-0.220101,0.000127,-0.000237,0.000208
-0.039288,0.140000,-0.220075,0.000540,0.000325,0.000477
-0.039617,0.139794,-0.220531,0.001309,0.001725,0.000775
-0.039881,0.139768,-0.221390,0.002453,0.004155,0.001107
-0.039521,0.139880,-0.221989,0.003952,0.007332,0.001498
-0.038112,0.139708,-0.221918,0.005935,0.010957,0.001966
-0.035523,0.138697,-0.221365,0.008566,0.014933,0.002463
-0.031583,0.136865,-0.220710,0.011669,0.018837,0.003013
-0.025907,0.134464,-0.220379,0.014822,0.021725,0.003773
-0.018391,0.131356,-0.220962,0.017693,0.022610,0.004796
-0.010108,0.127305,-0.223138,0.020032,0.021107,0.005999
-0.002595,0.122091,-0.227149,0.021806,0.017695,0.007243
0.003816,0.115504,-0.232415,0.023169,0.013093,0.008250
0.009314,0.107790,-0.238150,0.024040,0.007786,0.008706
-,-,-,-,-,-
-0.003430,0.000799,-0.002927,0.000098,0.001023,-0.000564
-0.018906,0.005319,-0.016340,0.001114,0.006659,-0.002560
-0.051468,0.014894,-0.046377,0.002692,0.019013,-0.006881
-0.093242,0.027325,-0.089233,0.004057,0.036258,-0.012431
-0.130478,0.038762,-0.134399,0.005472,0.053999,-0.017094
-0.153372,0.046400,-0.172869,0.007799,0.068090,-0.019594
-0.159627,0.048828,-0.201031,0.010844,0.076676,-0.020176
-0.152469,0.046005,-0.219499,0.013610,0.080910,-0.019974
-0.135653,0.039905,-0.230513,0.015565,0.083046,-0.019858
-0.111795,0.033097,-0.236562,0.017170,0.083859,-0.019437
-0.083853,0.026023,-0.240427,0.018992,0.082516,-0.017620
-0.054933,0.018357,-0.243962,0.020658,0.078219,-0.014174
-0.028072,0.010881,-0.247370,0.021504,0.071181,-0.009823
-0.006427,0.003297,-0.250593,0.021339,0.062612,-0.005376
0.009054,-0.005893,-0.253401,0.020163,0.054037,-0.001636
0.020590,-0.016477,-0.255097,0.018091,0.046361,0.000542
0.030803,-0.025963,-0.255594,0.015342,0.039696,0.000781
0.040531,-0.031635,-0.255792,0.012074,0.034189,-0.000256
0.049685,-0.033307,-0.256380,0.008281,0.030437,-0.001222
0.058936,-0.033131,-0.256812,0.003774,0.028624,-0.001288
0.069058,-0.032577,-0.256071,-0.001584,0.027930,-0.000764
0.079506,-0.031764,-0.254051,-0.007818,0.027177,-0.000507
0.089004,-0.030012,-0.251502,-0.014778,0.025580,-0.001095
0.096556,-0.026355,-0.249182,-0.021939,0.022965,-0.002520
0.101926,-0.020921,-0.247526,-0.028646,0.019637,-0.004485
0.105910,-0.013963,-0.246270,-0.034387,0.015733,-0.006951
0.108743,-0.003594,-0.244663,-0.038533,0.011134,-0.009833
0.109677,0.012610,-0.242546,-0.039797,0.006519,-0.012265
0.109887,0.032848,-0.240199,-0.036890,0.002968,-0.013001
0.111467,0.051098,-0.237791,-0.030253,0.000234,-0.011513
0.113993,0.063379,-0.235649,-0.021958,-0.002909,-0.008442
0.116403,0.070191,-0.234048,-0.013982,-0.007524,-0.004731
0.118936,0.072540,-0.232909,-0.007710,-0.014787,-0.000705
0.120679,0.070533,-0.232079,-0.004216,-0.025764,0.003378
0.117943,0.065806,-0.231898,-0.003847,-0.039969,0.006675
0.107010,0.061197,-0.233304,-0.005998,-0.055129,0.008413
0.087690,0.058781,-0.236735,-0.009457,-0.069117,0.008584
0.061338,0.058961,-0.241824,-0.013157,-0.080812,0.007942
0.027719,0.060810,-0.247968,-0.016848,-0.088068,0.007271
-0.010281,0.064496,-0.253470,-0.020144,-0.087767,0.005915
-0.042816,0.071111,-0.255816,-0.021394,-0.079664,0.002229
-0.061679,0.079029,-0.253335,-0.019307,-0.067035,-0.003800
-0.069152,0.084383,-0.244020,-0.015112,-0.052640,-0.010162
-0.073569,0.086265,-0.227266,-0.011233,-0.037585,-0.014853
-0.080909,0.087242,-0.207984,-0.007726,-0.023718,-0.017067
-0.091119,0.087019,-0.193803,-0.001770,-0.012617,-0.017506
-0.097509,0.078769,-0.188335,0.007330,-0.001741,-0.017425
-0.095795,0.059312,-0.194162,0.014650,0.012533,-0.017494
-0.091415,0.039970,-0.217775,0.015980,0.027158,-0.019312
-0.088000,0.033085,-0.254174,0.014132,0.035109,-0.025132
-0.082905,0.037506,-0.284417,0.013924,0.033429,-0.034251
-0.077259,0.045863,-0.298304,0.016347,0.023817,-0.043004
-0.075108,0.052879,-0.298877,0.020208,0.010912,-0.047951
-0.076705,0.055088,-0.292170,0.024787,0.001163,-0.047213
-0.078257,0.050752,-0.281657,0.029592,-0.000962,-0.040473
-0.075362,0.042982,-0.268215,0.033104,0.002222,-0.029046
-0.069836,0.035460,-0.256263,0.031661,0.005145,-0.015519
-0.070802,0.026292,-0.253600,0.021589,0.008114,-0.002277
-0.083772,0.015195,-0.259701,0.005694,0.015522,0.009284
-0.105625,0.006125,-0.274470,-0.007527,0.027228,0.017578
-0.124849,-0.000858,-0.306100,-0.013840,0.037045,0.021442
-0.125826,-0.008428,-0.340971,-0.015611,0.040636,0.021359
-0.106201,-0.015829,-0.346586,-0.015034,0.042241,0.017912
-0.075818,-0.018823,-0.316434,-0.012165,0.044977,0.012181
-0.040576,-0.013952,-0.271984,-0.008365,0.041003,0.007439
-0.005309,-0.001147,-0.231983,-0.005011,0.025967,0.006350
0.021797,0.017547,-0.203027,-0.001059,0.009154,0.008016
0.032633,0.035989,-0.185605,0.003227,-0.000528,0.009836
0.025540,0.045257,-0.180504,0.005511,-0.003212,0.010228
0.009528,0.042220,-0.189876,0.005240,-0.002572,0.008958
-0.004350,0.031057,-0.210607,0.003530,-0.001042,0.006504
-0.010866,0.017943,-0.234586,0.001502,0.000307,0.003680
-0.010047,0.007416,-0.254816,-0.000086,0.001018,0.001261
-0.004707,0.001325,-0.267822,-0.000960,0.001101,-0.000340
0.001967,-0.000601,-0.273489,-0.001176,0.000773,-0.001086
0.007784,0.000481,-0.273638,-0.000954,0.000272,-0.001180
0.012291,0.004573,-0.270773,-0.000555,-0.000208,-0.000703
0.015833,0.012503,-0.267301,-0.000191,-0.000526,0.000374
0.017333,0.021566,-0.265039,0.000036,-0.000658,0.001393
0.015935,0.026233,-0.264912,0.000107,-0.000697,0.001144
0.013524,0.024735,-0.266417,0.000057,-0.000699,-0.000941
0.012079,0.020294,-0.268027,-0.000049,-0.000637,-0.004736
0.011534,0.016859,-0.268699,-0.000154,-0.000496,-0.009932
0.011599,0.015819,-0.268304,-0.000223,-0.000319,-0.015624
0.013130,0.013821,-0.267193,-0.000245,-0.000174,-0.020051
0.016550,0.006099,-0.265911,-0.000218,-0.000121,-0.021455
0.019921,-0.005272,-0.264893,-0.000161,-0.000158,-0.019192
0.020789,-0.013231,-0.264324,-0.000106,-0.000223,-0.014152
0.018876,-0.014434,-0.264172,-0.000074,-0.000265,-0.008188
0.015473,-0.010350,-0.264285,-0.000065,-0.000278,-0.003021
0.011975,-0.003964,-0.264486,-0.000076,-0.000273,0.000418
0.009321,0.002126,-0.264645,-0.000097,-0.000262,0.002016
0.007838,0.006449,-0.264710,-0.000116,-0.000253,0.002199
0.007405,0.008613,-0.264695,-0.000125,-0.000251,0.001587
0.007673,0.008970,-0.264654,-0.000123,-0.000256,0.000737
0.008231,0.008206,-0.264639,-0.000113,-0.000262,0.000014
0.008745,0.007026,-0.264661,-0.000102,-0.000266,-0.000422
0.009038,0.005967,-0.264686,-0.000098,-0.000265,-0.000571
0.009113,0.005309,-0.264684,-0.000100,-0.000261,-0.000518
0.009068,0.005094,-0.264668,-0.000104,-0.000257,-0.000368
0.008974,0.005204,-0.264686,-0.000104,-0.000253,-0.000207
0.008857,0.005458,-0.264748,-0.000101,-0.000247,-0.000090
0.008777,0.005703,-0.264817,-0.000099,-0.000240,-0.000033
0.008798,0.005859,-0.264861,-0.000100,-0.000234,-0.000026
0.008890,0.005920,-0.264871,-0.000106,-0.000234,-0.000048
0.008962,0.005919,-0.264833,-0.000112,-0.000242,-0.000075
0.008958,0.005890,-0.264767,-0.000117,-0.000253,-0.000095
0.008897,0.005864,-0.264720,-0.000122,-0.000261,-0.000107
0.008832,0.005860,-0.264676,-0.000125,-0.000265,-0.000118
0.008779,0.005871,-0.264602,-0.000123,-0.000266,-0.000127
0.008740,0.005870,-0.264548,-0.000118,-0.000263,-0.000135
0.008753,0.005854,-0.264554,-0.000109,-0.000261,-0.000136
0.008830,0.005854,-0.264597,-0.000098,-0.000260,-0.000128
0.008925,0.005871,-0.264655,-0.000088,-0.000261,-0.000116
0.008974,0.005871,-0.264698,-0.000080,-0.000260,-0.000106
0.008961,0.005866,-0.264691,-0.000075,-0.000257,-0.000103
0.008936,0.005860,-0.264623,-0.000071,-0.000251,-0.000105
0.008944,0.005824,-0.264537,-0.000071,-0.000247,-0.000109
0.008963,0.005796,-0.264493,-0.000076,-0.000248,-0.000112
0.008947,0.005860,-0.264501,-0.000081,-0.000254,-0.000114
0.008891,0.006003,-0.264545,-0.000086,-0.000261,-0.000116
0.008845,0.006124,-0.264628,-0.000094,-0.000266,-0.000117
0.008848,0.006152,-0.264738,-0.000104,-0.000272,-0.000115
0.008884,0.006083,-0.264843,-0.000114,-0.000275,-0.000111
0.008915,0.005969,-0.264908,-0.000121,-0.000274,-0.000105
0.008927,0.005856,-0.264890,-0.000122,-0.000268,-0.000101
0.008911,0.005765,-0.264809,-0.000114,-0.000260,-0.000103
0.008869,0.005721,-0.264758,-0.000100,-0.000254,-0.000108