-,-,-,-,-,-
0.000004,-0.000047,-0.004937,-0.000154,-0.000157,-0.000154
0.000756,0.000467,-0.027702,-0.000149,-0.000167,-0.000151
0.002367,0.001566,-0.076461,-0.000138,-0.000184,-0.000140
0.004536,0.003022,-0.141456,-0.000126,-0.000203,-0.000124
0.006674,0.004417,-0.204497,-0.000117,-0.000219,-0.000105
0.008314,0.005449,-0.252155,-0.000112,-0.000231,-0.000089
0.009295,0.006025,-0.279575,-0.000109,-0.000239,-0.000081
0.009706,0.006218,-0.289008,-0.000109,-0.000248,-0.000082
0.009738,0.006184,-0.286444,-0.000116,-0.000260,-0.000088
0.009587,0.006091,-0.278411,-0.000129,-0.000272,-0.000098
0.009395,0.006013,-0.269883,-0.000148,-0.000271,-0.000110
0.009229,0.005921,-0.263600,-0.000170,-0.000251,-0.000122
0.009102,0.005791,-0.260374,-0.000185,-0.000224,-0.000128
0.009013,0.005674,-0.259761,-0.000179,-0.000214,-0.000129
0.008953,0.005623,-0.260778,-0.000150,-0.000228,-0.000128
0.008912,0.005628,-0.262407,-0.000113,-0.000256,-0.000129
0.008885,0.005656,-0.263871,-0.000086,-0.000279,-0.000129
0.008841,0.005700,-0.264844,-0.000079,-0.000286,-0.000128
0.008761,0.005755,-0.265392,-0.000084,-0.000281,-0.000122
0.008708,0.005811,-0.265661,-0.000085,-0.000275,-0.000112
0.008750,0.005887,-0.265726,-0.000081,-0.000271,-0.000101
0.008888,0.005965,-0.265644,-0.000084,-0.000259,-0.000094
0.009052,0.005972,-0.265448,-0.000105,-0.000236,-0.000091
0.009144,0.005900,-0.265191,-0.000136,-0.000205,-0.000092
0.009117,0.005829,-0.264946,-0.000163,-0.000181,-0.000092
0.009018,0.005797,-0.264749,-0.000173,-0.000178,-0.000092
0.008935,0.005785,-0.264608,-0.000168,-0.000190,-0.000094
0.008923,0.005772,-0.264556,-0.000160,-0.000207,-0.000099
0.008978,0.005764,-0.264628,-0.000149,-0.000227,-0.000106
0.009070,0.005774,-0.264754,-0.000130,-0.000249,-0.000113
0.009161,0.005783,-0.264810,-0.000106,-0.000270,-0.000117
0.009211,0.005751,-0.264756,-0.000089,-0.000285,-0.000115
0.009197,0.005670,-0.264618,-0.000084,-0.000292,-0.000109
0.009138,0.005577,-0.264439,-0.000088,-0.000290,-0.000103
0.009079,0.005518,-0.264286,-0.000094,-0.000278,-0.000100
0.009047,0.005528,-0.264207,-0.000100,-0.000259,-0.000101
0.009028,0.005598,-0.264216,-0.000110,-0.000235,-0.000106
0.008995,0.005687,-0.264300,-0.000122,-0.000219,-0.000114
0.008941,0.005750,-0.264426,-0.000129,-0.000216,-0.000121
0.008886,0.005769,-0.264535,-0.000125,-0.000226,-0.000123
0.008853,0.005764,-0.264581,-0.000116,-0.000242,-0.000120
0.008829,0.005773,-0.264593,-0.000113,-0.000249,-0.000118
0.008792,0.005788,-0.264643,-0.000117,-0.000240,-0.000120
0.008761,0.005769,-0.264726,-0.000124,-0.000221,-0.000123
0.008751,0.005720,-0.264739,-0.000131,-0.000206,-0.000126
0.008744,0.005677,-0.264614,-0.000131,-0.000209,-0.000126
0.008712,0.005653,-0.264394,-0.000121,-0.000229,-0.000125
0.008637,0.005629,-0.264184,-0.000103,-0.000252,-0.000120
0.008526,0.005586,-0.264079,-0.000081,-0.000270,-0.000115
0.008429,0.005550,-0.264118,-0.000058,-0.000285,-0.000109
0.008418,0.005583,-0.264269,-0.000039,-0.000299,-0.000102
0.008522,0.005707,-0.264468,-0.000028,-0.000308,-0.000094
0.008693,0.005848,-0.264646,-0.000028,-0.000309,-0.000088
0.008842,0.005900,-0.264718,-0.000047,-0.000295,-0.000085
0.008890,0.005819,-0.264668,-0.000092,-0.000261,-0.000087
0.008824,0.005641,-0.264606,-0.000153,-0.000214,-0.000090
0.008726,0.005478,-0.264623,-0.000200,-0.000176,-0.000092
0.008695,0.005444,-0.264689,-0.000206,-0.000170,-0.000092
0.008754,0.005549,-0.264740,-0.000170,-0.000197,-0.000091
0.008852,0.005698,-0.264777,-0.000119,-0.000236,-0.000090
0.008959,0.005812,-0.264834,-0.000077,-0.000268,-0.000092
0.009077,0.005884,-0.264884,-0.000055,-0.000288,-0.000098
0.009155,0.005896,-0.264871,-0.000053,-0.000296,-0.000109
0.009092,0.005815,-0.264793,-0.000055,-0.000300,-0.000122
0.008896,0.005662,-0.264723,-0.000050,-0.000308,-0.000132
0.008740,0.005529,-0.264716,-0.000045,-0.000315,-0.000139
0.008745,0.005505,-0.264759,-0.000056,-0.000311,-0.000141
0.008875,0.005595,-0.264821,-0.000084,-0.000295,-0.000137
0.009045,0.005720,-0.264864,-0.000115,-0.000276,-0.000127
0.009184,0.005796,-0.264843,-0.000137,-0.000266,-0.000114
0.009251,0.005797,-0.264766,-0.000147,-0.000266,-0.000103
0.009223,0.005752,-0.264663,-0.000145,-0.000269,-0.000098
0.009088,0.005691,-0.264547,-0.000142,-0.000261,-0.000098
0.008871,0.005617,-0.264472,-0.000145,-0.000237,-0.000101
0.008663,0.005547,-0.264504,-0.000148,-0.000211,-0.000107
0.008578,0.005535,-0.264604,-0.000145,-0.000197,-0.000113
0.008628,0.005591,-0.264678,-0.000135,-0.000193,-0.000114
0.008736,0.005667,-0.264711,-0.000122,-0.000198,-0.000108
0.008826,0.005721,-0.264722,-0.000107,-0.000212,-0.000099
0.008862,0.005754,-0.264705,-0.000103,-0.000225,-0.000097
0.008829,0.005777,-0.264675,-0.000117,-0.000219,-0.000104
0.008741,0.005767,-0.264670,-0.000146,-0.000190,-0.000112
0.008657,0.005710,-0.264702,-0.000174,-0.000155,-0.000112
0.008647,0.005656,-0.264751,-0.000182,-0.000143,-0.000104
0.008735,0.005665,-0.264772,-0.000164,-0.000169,-0.000094
0.008870,0.005731,-0.264710,-0.000129,-0.000224,-0.000086
0.008971,0.005800,-0.264574,-0.000094,-0.000280,-0.000085
0.008998,0.005820,-0.264429,-0.000072,-0.000315,-0.000094
0.008970,0.005778,-0.264319,-0.000069,-0.000318,-0.000109
0.008918,0.005706,-0.264249,-0.000080,-0.000297,-0.000121
0.008872,0.005675,-0.264219,-0.000099,-0.000268,-0.000127
0.008865,0.005723,-0.264247,-0.000124,-0.000239,-0.000127
0.008886,0.005787,-0.264368,-0.000143,-0.000220,-0.000126
0.008875,0.005785,-0.264597,-0.000144,-0.000219,-0.000122
0.008826,0.005719,-0.264917,-0.000128,-0.000232,-0.000116
0.008813,0.005669,-0.265245,-0.000099,-0.000253,-0.000108
0.008891,0.005701,-0.265439,-0.000060,-0.000286,-0.000099
0.009013,0.005795,-0.265402,-0.000025,-0.000320,-0.000096
0.009077,0.005875,-0.265203,-0.000015,-0.000331,-0.000099
0.009017,0.005887,-0.264971,-0.000034,-0.000311,-0.000105
0.008840,0.005826,-0.264762,-0.000062,-0.000278,-0.000111
0.008632,0.005730,-0.264623,-0.000077,-0.000258,-0.000116
0.008511,0.005660,-0.264590,-0.000076,-0.000255,-0.000117
0.008530,0.005657,-0.264619,-0.000074,-0.000256,-0.000113
0.008628,0.005712,-0.264670,-0.000076,-0.000255,-0.000106
0.008727,0.005785,-0.264770,-0.000076,-0.000260,-0.000101
0.008833,0.005844,-0.264948,-0.000072,-0.000274,-0.000103
0.008964,0.005892,-0.265158,-0.000067,-0.000290,-0.000109
0.009090,0.005957,-0.265286,-0.000059,-0.000306,-0.000116
0.009200,0.006040,-0.265239,-0.000049,-0.000328,-0.000127
0.009287,0.006097,-0.265015,-0.000041,-0.000354,-0.000137
0.009301,0.006082,-0.264705,-0.000041,-0.000370,-0.000141
0.009216,0.005988,-0.264407,-0.000056,-0.000364,-0.000136
0.009078,0.005841,-0.264174,-0.000082,-0.000333,-0.000123
0.008938,0.005697,-0.264038,-0.000110,-0.000286,-0.000107
0.008809,0.005605,-0.264023,-0.000130,-0.000242,-0.000092
0.008703,0.005580,-0.264118,-0.000142,-0.000216,-0.000083
0.008664,0.005602,-0.264259,-0.000154,-0.000206,-0.000083
0.008699,0.005643,-0.264393,-0.000164,-0.000207,-0.000089
0.008751,0.005690,-0.264515,-0.000164,-0.000218,-0.000099
0.008789,0.005741,-0.264626,-0.000148,-0.000237,-0.000106
0.008847,0.005783,-0.264709,-0.000115,-0.000261,-0.000109
0.008943,0.005776,-0.264736,-0.000075,-0.000283,-0.000111
0.009033,0.005713,-0.264707,-0.000044,-0.000298,-0.000112
0.009068,0.005650,-0.264663,-0.000035,-0.000302,-0.000115
0.009040,0.005642,-0.264651,-0.000049,-0.000292,-0.000119
0.008981,0.005688,-0.264685,-0.000081,-0.000264,-0.000123
0.008943,0.005773,-0.264765,-0.000122,-0.000228,-0.000124
-,-,-,-,-,-
-0.000002,-0.000053,-0.004956,-0.000152,-0.000158,-0.000154
0.000736,0.000433,-0.027775,-0.000137,-0.000170,-0.000149
0.002344,0.001476,-0.076574,-0.000110,-0.000192,-0.000137
0.004531,0.002890,-0.141553,-0.000082,-0.000215,-0.000123
0.006690,0.004313,-0.204550,-0.000071,-0.000227,-0.000110
0.008324,0.005445,-0.252150,-0.000081,-0.000223,-0.000102
0.009226,0.006130,-0.279472,-0.000107,-0.000212,-0.000099
0.009484,0.006382,-0.288772,-0.000133,-0.000210,-0.000098
0.009345,0.006329,-0.286061,-0.000150,-0.000222,-0.000100
0.009057,0.006129,-0.277893,-0.000156,-0.000238,-0.000102
0.008792,0.005908,-0.269319,-0.000153,-0.000251,-0.000104
0.008638,0.005730,-0.263114,-0.000140,-0.000260,-0.000108
0.008606,0.005621,-0.260032,-0.000118,-0.000267,-0.000110
0.008667,0.005597,-0.259579,-0.000093,-0.000274,-0.000110
0.008786,0.005646,-0.260764,-0.000068,-0.000281,-0.000106
0.008926,0.005729,-0.262571,-0.000047,-0.000288,-0.000100
0.009047,0.005810,-0.264211,-0.000031,-0.000292,-0.000095
0.009116,0.005830,-0.265260,-0.000027,-0.000288,-0.000095
0.009101,0.005763,-0.265642,-0.000038,-0.000275,-0.000098
0.009001,0.005666,-0.265502,-0.000059,-0.000256,-0.000102
0.008870,0.005614,-0.265093,-0.000080,-0.000241,-0.000106
0.008746,0.005629,-0.264649,-0.000098,-0.000235,-0.000112
0.008619,0.005672,-0.264304,-0.000119,-0.000231,-0.000120
0.008517,0.005716,-0.264123,-0.000136,-0.000222,-0.000126
0.008495,0.005761,-0.264121,-0.000140,-0.000212,-0.000127
0.008565,0.005817,-0.264254,-0.000130,-0.000210,-0.000124
0.008703,0.005881,-0.264455,-0.000113,-0.000215,-0.000121
0.008875,0.005934,-0.264659,-0.000098,-0.000224,-0.000123
0.009038,0.005951,-0.264808,-0.000086,-0.000236,-0.000122
0.009165,0.005932,-0.264866,-0.000080,-0.000248,-0.000117
0.009243,0.005892,-0.264820,-0.000092,-0.000254,-0.000107
0.009272,0.005841,-0.264703,-0.000123,-0.000248,-0.000096
0.009254,0.005794,-0.264596,-0.000162,-0.000233,-0.000085
0.009177,0.005767,-0.264538,-0.000190,-0.000212,-0.000074
0.009031,0.005761,-0.264514,-0.000198,-0.000195,-0.000067
0.008846,0.005764,-0.264509,-0.000189,-0.000190,-0.000067
0.008700,0.005768,-0.264550,-0.000166,-0.000202,-0.000075
0.008694,0.005783,-0.264663,-0.000123,-0.000234,-0.000083
0.008848,0.005835,-0.264804,-0.000066,-0.000280,-0.000088
0.009062,0.005912,-0.264878,-0.000018,-0.000322,-0.000089
0.009215,0.005966,-0.264829,0.000001,-0.000341,-0.000091
0.009245,0.005958,-0.264664,-0.000018,-0.000327,-0.000093
0.009150,0.005866,-0.264432,-0.000062,-0.000294,-0.000098
0.008983,0.005725,-0.264225,-0.000107,-0.000263,-0.000102
0.008826,0.005618,-0.264122,-0.000132,-0.000249,-0.000104
0.008751,0.005596,-0.264116,-0.000133,-0.000251,-0.000105
0.008778,0.005639,-0.264152,-0.000119,-0.000258,-0.000105
0.008860,0.005699,-0.264187,-0.000101,-0.000260,-0.000107
0.008923,0.005732,-0.264201,-0.000087,-0.000254,-0.000109
0.008920,0.005715,-0.264195,-0.000085,-0.000244,-0.000110
0.008851,0.005659,-0.264185,-0.000091,-0.000241,-0.000111
0.008776,0.005611,-0.264208,-0.000098,-0.000246,-0.000112
0.008773,0.005621,-0.264314,-0.000100,-0.000260,-0.000111
0.008857,0.005697,-0.264507,-0.000089,-0.000282,-0.000108
0.008995,0.005793,-0.264723,-0.000067,-0.000310,-0.000107
0.009144,0.005861,-0.264840,-0.000050,-0.000324,-0.000106
0.009251,0.005884,-0.264804,-0.000057,-0.000308,-0.000101
0.009270,0.005853,-0.264669,-0.000085,-0.000271,-0.000093
0.009188,0.005758,-0.264519,-0.000120,-0.000234,-0.000090
0.009028,0.005616,-0.264414,-0.000145,-0.000212,-0.000093
0.008850,0.005484,-0.264365,-0.000151,-0.000215,-0.000098
0.008711,0.005409,-0.264365,-0.000144,-0.000234,-0.000099
0.008633,0.005393,-0.264424,-0.000132,-0.000252,-0.000096
0.008635,0.005410,-0.264496,-0.000119,-0.000261,-0.000095
0.008734,0.005445,-0.264515,-0.000105,-0.000269,-0.000096
0.008895,0.005508,-0.264481,-0.000089,-0.000284,-0.000097
0.009045,0.005604,-0.264439,-0.000077,-0.000303,-0.000096
0.009109,0.005689,-0.264415,-0.000073,-0.000316,-0.000094
0.009051,0.005726,-0.264411,-0.000077,-0.000318,-0.000095
0.008892,0.005738,-0.264415,-0.000086,-0.000309,-0.000099
0.008722,0.005749,-0.264450,-0.000093,-0.000294,-0.000108
0.008627,0.005742,-0.264546,-0.000092,-0.000280,-0.000117
0.008606,0.005700,-0.264645,-0.000084,-0.000272,-0.000123
0.008591,0.005625,-0.264624,-0.000081,-0.000267,-0.000124
0.008535,0.005545,-0.264458,-0.000094,-0.000254,-0.000121
0.008468,0.005489,-0.264257,-0.000121,-0.000233,-0.000117
0.008461,0.005462,-0.264136,-0.000150,-0.000208,-0.000109
0.008550,0.005464,-0.264128,-0.000171,-0.000190,-0.000100
0.008712,0.005512,-0.264211,-0.000178,-0.000186,-0.000095
0.008895,0.005614,-0.264358,-0.000168,-0.000197,-0.000095
0.009050,0.005749,-0.264535,-0.000149,-0.000217,-0.000098
0.009128,0.005876,-0.264683,-0.000129,-0.000242,-0.000104
0.009111,0.005966,-0.264770,-0.000110,-0.000269,-0.000110
0.009049,0.006016,-0.264826,-0.000090,-0.000296,-0.000112
0.009011,0.006036,-0.264888,-0.000070,-0.000319,-0.000111
0.009015,0.006035,-0.264955,-0.000058,-0.000329,-0.000109
0.009042,0.006008,-0.265003,-0.000059,-0.000323,-0.000108
0.009078,0.005941,-0.265026,-0.000068,-0.000305,-0.000109
0.009131,0.005859,-0.265051,-0.000074,-0.000292,-0.000110
0.009209,0.005811,-0.265095,-0.000071,-0.000295,-0.000108
0.009301,0.005812,-0.265119,-0.000054,-0.000312,-0.000105
0.009377,0.005829,-0.265077,-0.000030,-0.000337,-0.000102
0.009404,0.005840,-0.264947,-0.000018,-0.000359,-0.000101
0.009358,0.005848,-0.264730,-0.000029,-0.000359,-0.000103
0.009230,0.005843,-0.264482,-0.000062,-0.000333,-0.000107
0.009032,0.005813,-0.264291,-0.000100,-0.000299,-0.000107
0.008797,0.005776,-0.264216,-0.000129,-0.000273,-0.000103
0.008591,0.005761,-0.264267,-0.000143,-0.000261,-0.000100
0.008485,0.005769,-0.264404,-0.000142,-0.000262,-0.000101
0.008517,0.005790,-0.264566,-0.000134,-0.000267,-0.000106
0.008672,0.005809,-0.264727,-0.000125,-0.000265,-0.000111
0.008885,0.005822,-0.264890,-0.000118,-0.000256,-0.000115
0.009077,0.005834,-0.265022,-0.000107,-0.000250,-0.000117
0.009205,0.005844,-0.265052,-0.000092,-0.000257,-0.000120
0.009243,0.005837,-0.264944,-0.000073,-0.000275,-0.000125
0.009169,0.005801,-0.264728,-0.000061,-0.000292,-0.000129
0.009009,0.005743,-0.264492,-0.000061,-0.000295,-0.000129
0.008844,0.005682,-0.264349,-0.000069,-0.000289,-0.000124
0.008778,0.005660,-0.264373,-0.000082,-0.000282,-0.000115
0.008849,0.005713,-0.264521,-0.000103,-0.000274,-0.000110
0.008974,0.005824,-0.264665,-0.000128,-0.000261,-0.000109
0.009046,0.005935,-0.264724,-0.000151,-0.000242,-0.000112
0.009037,0.005984,-0.264709,-0.000162,-0.000222,-0.000114
0.008984,0.005952,-0.264681,-0.000155,-0.000212,-0.000115
0.008946,0.005866,-0.264670,-0.000135,-0.000219,-0.000114
0.008948,0.005770,-0.264670,-0.000117,-0.000235,-0.000109
0.008974,0.005673,-0.264682,-0.000109,-0.000249,-0.000107
0.009017,0.005575,-0.264734,-0.000111,-0.000255,-0.000109
0.009091,0.005517,-0.264857,-0.000113,-0.000253,-0.000113
0.009177,0.005533,-0.265020,-0.000111,-0.000250,-0.000113
0.009221,0.005595,-0.265149,-0.000106,-0.000249,-0.000112
0.009197,0.005668,-0.265203,-0.000102,-0.000251,-0.000112
0.009118,0.005738,-0.265166,-0.000104,-0.000251,-0.000112
0.009011,0.005792,-0.265051,-0.000111,-0.000248,-0.000110
0.008899,0.005824,-0.264900,-0.000119,-0.000243,-0.000109
0.008827,0.005834,-0.264755,-0.000123,-0.000241,-0.000111
0.008843,0.005826,-0.264635,-0.000121,-0.000245,-0.000115
0.008918,0.005786,-0.264531,-0.000120,-0.000248,-0.000116
0.000001,-0.000050,-0.004939,-0.000154,-0.000157,-0.000154
0.000749,0.000445,-0.027721,-0.000147,-0.000166,-0.000152
0.002364,0.001516,-0.076541,-0.000128,-0.000182,-0.000149
0.004558,0.002985,-0.141647,-0.000101,-0.000204,-0.000144
0.006744,0.004476,-0.204840,-0.000076,-0.000230,-0.000136
0.008458,0.005651,-0.252638,-0.000064,-0.000253,-0.000125
0.009496,0.006330,-0.280108,-0.000064,-0.000265,-0.000116
0.009900,0.006536,-0.289456,-0.000072,-0.000268,-0.000112
0.009853,0.006439,-0.286683,-0.000080,-0.000264,-0.000113
0.009585,0.006213,-0.278369,-0.000087,-0.000254,-0.000115
0.009278,0.005972,-0.269640,-0.000092,-0.000241,-0.000116
0.009019,0.005799,-0.263411,-0.000096,-0.000230,-0.000116
0.008816,0.005715,-0.260499,-0.000099,-0.000224,-0.000117
0.008655,0.005695,-0.260320,-0.000104,-0.000219,-0.000122
0.008573,0.005723,-0.261699,-0.000109,-0.000216,-0.000129
0.008599,0.005758,-0.263486,-0.000114,-0.000217,-0.000134
0.008669,0.005763,-0.264943,-0.000117,-0.000221,-0.000134
0.008717,0.005753,-0.265781,-0.000116,-0.000228,-0.000128
0.008763,0.005749,-0.265991,-0.000113,-0.000235,-0.000119
0.008828,0.005746,-0.265745,-0.000114,-0.000239,-0.000110
0.008895,0.005747,-0.265313,-0.000120,-0.000242,-0.000102
0.008955,0.005761,-0.264901,-0.000127,-0.000244,-0.000097
0.009028,0.005786,-0.264584,-0.000136,-0.000242,-0.000095
0.009108,0.005822,-0.264379,-0.000148,-0.000238,-0.000096
0.009156,0.005871,-0.264305,-0.000154,-0.000237,-0.000100
0.009146,0.005900,-0.264350,-0.000154,-0.000238,-0.000106
0.009093,0.005885,-0.264479,-0.000152,-0.000241,-0.000109
0.009043,0.005844,-0.264653,-0.000149,-0.000248,-0.000106
0.009060,0.005803,-0.264803,-0.000133,-0.000271,-0.000100
0.009153,0.005777,-0.264848,-0.000103,-0.000307,-0.000096
0.009233,0.005758,-0.264779,-0.000074,-0.000337,-0.000096
0.009205,0.005711,-0.264669,-0.000058,-0.000349,-0.000097
0.009070,0.005637,-0.264588,-0.000055,-0.000348,-0.000102
0.008886,0.005598,-0.264523,-0.000064,-0.000338,-0.000112
0.008691,0.005619,-0.264413,-0.000081,-0.000318,-0.000121
0.008516,0.005674,-0.264263,-0.000096,-0.000293,-0.000118
0.008401,0.005760,-0.264144,-0.000104,-0.000273,-0.000108
0.008390,0.005887,-0.264108,-0.000104,-0.000265,-0.000098
0.008494,0.006032,-0.264161,-0.000102,-0.000265,-0.000093
0.008671,0.006138,-0.264281,-0.000103,-0.000264,-0.000093
0.008857,0.006167,-0.264431,-0.000106,-0.000264,-0.000096
0.008999,0.006128,-0.264567,-0.000105,-0.000269,-0.000103
0.009067,0.006044,-0.264637,-0.000102,-0.000273,-0.000112
0.009070,0.005917,-0.264635,-0.000103,-0.000273,-0.000121
0.009022,0.005765,-0.264607,-0.000112,-0.000268,-0.000131
0.008944,0.005637,-0.264561,-0.000127,-0.000257,-0.000139
0.008850,0.005554,-0.264477,-0.000143,-0.000239,-0.000141
0.008756,0.005494,-0.264399,-0.000146,-0.000224,-0.000139
0.008709,0.005456,-0.264406,-0.000126,-0.000231,-0.000135
0.008758,0.005468,-0.264493,-0.000096,-0.000254,-0.000135
0.008886,0.005547,-0.264577,-0.000075,-0.000269,-0.000138
0.009050,0.005695,-0.264653,-0.000063,-0.000270,-0.000142
0.009221,0.005889,-0.264798,-0.000050,-0.000268,-0.000144
0.009367,0.006055,-0.265006,-0.000034,-0.000275,-0.000142
0.009440,0.006118,-0.265153,-0.000020,-0.000297,-0.000137
0.009408,0.006052,-0.265118,-0.000013,-0.000328,-0.000131
0.009266,0.005890,-0.264915,-0.000024,-0.000348,-0.000123
0.009050,0.005711,-0.264672,-0.000055,-0.000343,-0.000113
0.008833,0.005590,-0.264505,-0.000091,-0.000319,-0.000104
0.008699,0.005562,-0.264465,-0.000117,-0.000290,-0.000100
0.008700,0.005608,-0.264582,-0.000124,-0.000267,-0.000100
0.008829,0.005683,-0.264834,-0.000115,-0.000253,-0.000104
0.009039,0.005770,-0.265102,-0.000102,-0.000242,-0.000108
0.009270,0.005877,-0.265228,-0.000101,-0.000229,-0.000110
0.009458,0.005989,-0.265148,-0.000105,-0.000219,-0.000109
0.009549,0.006084,-0.264944,-0.000104,-0.000227,-0.000107
0.009517,0.006137,-0.264744,-0.000098,-0.000243,-0.000105
0.009407,0.006106,-0.264623,-0.000095,-0.000259,-0.000102
0.009290,0.005986,-0.264552,-0.000084,-0.000279,-0.000100
0.009163,0.005843,-0.264462,-0.000059,-0.000308,-0.000102
0.009008,0.005736,-0.264381,-0.000029,-0.000336,-0.000112
0.008871,0.005684,-0.264424,-0.000010,-0.000350,-0.000128
0.008826,0.005694,-0.264588,-0.000011,-0.000345,-0.000142
0.008873,0.005747,-0.264719,-0.000032,-0.000318,-0.000147
0.008920,0.005778,-0.264723,-0.000059,-0.000289,-0.000139
0.008908,0.005745,-0.264650,-0.000074,-0.000277,-0.000122
0.008892,0.005706,-0.264597,-0.000074,-0.000285,-0.000107
0.008954,0.005737,-0.264635,-0.000064,-0.000306,-0.000096
0.009080,0.005837,-0.264743,-0.000049,-0.000330,-0.000088
0.009153,0.005949,-0.264840,-0.000037,-0.000347,-0.000082
0.009097,0.006014,-0.264892,-0.000043,-0.000342,-0.000081
0.008953,0.006002,-0.264894,-0.000071,-0.000311,-0.000085
0.008821,0.005923,-0.264846,-0.000108,-0.000268,-0.000092
0.008772,0.005830,-0.264776,-0.000134,-0.000232,-0.000099
0.008806,0.005776,-0.264700,-0.000145,-0.000213,-0.000103
0.008869,0.005755,-0.264617,-0.000145,-0.000204,-0.000104
0.008921,0.005741,-0.264544,-0.000136,-0.000206,-0.000101
0.008960,0.005750,-0.264522,-0.000116,-0.000224,-0.000099
0.008994,0.005806,-0.264568,-0.000092,-0.000253,-0.000100
0.009003,0.005883,-0.264674,-0.000079,-0.000274,-0.000103
0.008975,0.005937,-0.264801,-0.000083,-0.000281,-0.000105
0.008941,0.005942,-0.264887,-0.000094,-0.000276,-0.000104
0.008924,0.005901,-0.264895,-0.000105,-0.000264,-0.000104
0.008906,0.005851,-0.264839,-0.000114,-0.000249,-0.000106
0.008874,0.005811,-0.264757,-0.000118,-0.000235,-0.000108
0.008852,0.005775,-0.264704,-0.000116,-0.000222,-0.000107
0.008855,0.005735,-0.264729,-0.000111,-0.000216,-0.000106
0.008886,0.005706,-0.264820,-0.000106,-0.000220,-0.000110
0.008935,0.005694,-0.264912,-0.000104,-0.000230,-0.000117
0.008978,0.005686,-0.264936,-0.000107,-0.000238,-0.000122
0.008991,0.005671,-0.264866,-0.000116,-0.000239,-0.000123
0.008985,0.005672,-0.264751,-0.000128,-0.000238,-0.000123
0.008982,0.005724,-0.264680,-0.000134,-0.000243,-0.000121
0.008996,0.005836,-0.264683,-0.000124,-0.000256,-0.000118
0.009033,0.005973,-0.264721,-0.000096,-0.000272,-0.000117
0.009104,0.006081,-0.264762,-0.000056,-0.000296,-0.000121
0.009178,0.006136,-0.264792,-0.000012,-0.000326,-0.000130
0.009198,0.006150,-0.264784,0.000016,-0.000349,-0.000141
0.009142,0.006125,-0.264708,0.000013,-0.000351,-0.000152
0.009031,0.006047,-0.264587,-0.000018,-0.000332,-0.000161
0.008882,0.005927,-0.264483,-0.000064,-0.000303,-0.000164
0.008725,0.005804,-0.264432,-0.000103,-0.000278,-0.000163
0.008617,0.005715,-0.264437,-0.000122,-0.000267,-0.000159
0.008589,0.005674,-0.264505,-0.000119,-0.000270,-0.000153
0.008619,0.005669,-0.264626,-0.000106,-0.000279,-0.000145
0.008660,0.005697,-0.264762,-0.000095,-0.000282,-0.000138
0.008694,0.005753,-0.264874,-0.000093,-0.000274,-0.000133
0.008730,0.005804,-0.264938,-0.000097,-0.000255,-0.000129
0.008774,0.005803,-0.264947,-0.000103,-0.000233,-0.000122
0.008801,0.005761,-0.264909,-0.000102,-0.000223,-0.000115
0.008795,0.005726,-0.264879,-0.000092,-0.000231,-0.000109
0.008770,0.005714,-0.264904,-0.000076,-0.000255,-0.000107
0.008761,0.005715,-0.264956,-0.000065,-0.000280,-0.000109
0.008807,0.005739,-0.264999,-0.000064,-0.000295,-0.000115
0.008926,0.005801,-0.265064,-0.000070,-0.000304,-0.000124
0.009087,0.005881,-0.265140,-0.000080,-0.000308,-0.000134
0.009208,0.005950,-0.265143,-0.000099,-0.000301,-0.000141
0.009211,0.005996,-0.265040,-0.000131,-0.000276,-0.000140
-,-,-,-,-,-
-0.000741,0.000667,-0.005216,-0.000590,-0.000370,-0.000077
-0.003716,0.004487,-0.029243,-0.002866,-0.001579,0.000307
-0.011035,0.011757,-0.080488,-0.008336,-0.004646,0.000813
-0.022572,0.019892,-0.148237,-0.016443,-0.009503,0.000652
-0.035150,0.028197,-0.212327,-0.024788,-0.015067,0.000028
-0.044383,0.039199,-0.256201,-0.030869,-0.020205,0.000558
-0.048177,0.054325,-0.272662,-0.032970,-0.025391,0.002961
-0.049261,0.071484,-0.267439,-0.030590,-0.031665,0.006242
-0.053079,0.085537,-0.254554,-0.024817,-0.036146,0.008905
-0.061476,0.092712,-0.242990,-0.017386,-0.033846,0.009207
-0.071952,0.094015,-0.232594,-0.009808,-0.025828,0.005738
-0.082884,0.091701,-0.224640,-0.003326,-0.018148,-0.000633
-0.092611,0.087300,-0.224159,0.000874,-0.013302,-0.006786
-0.097654,0.083769,-0.230367,0.002279,-0.010748,-0.010038
-0.100789,0.084079,-0.237455,0.002346,-0.011245,-0.010439
-0.109949,0.086249,-0.240286,0.002317,-0.014768,-0.010472
-0.123403,0.084779,-0.235113,0.000584,-0.019790,-0.012117
-0.132989,0.080214,-0.223246,-0.004240,-0.025609,-0.014509
-0.138019,0.078566,-0.211379,-0.010385,-0.031672,-0.015345
-0.141479,0.080888,-0.204774,-0.015524,-0.036851,-0.013648
-0.143245,0.085131,-0.202774,-0.019056,-0.041719,-0.010212
-0.144424,0.092194,-0.201611,-0.020146,-0.048098,-0.006366
-0.148410,0.101615,-0.197833,-0.016877,-0.054893,-0.003171
-0.154771,0.109278,-0.188535,-0.008775,-0.059265,-0.001168
-0.161910,0.111712,-0.172919,0.001651,-0.061267,-0.000491
-0.172194,0.108325,-0.152611,0.009868,-0.061539,-0.001895
-0.184088,0.099957,-0.131895,0.012163,-0.058622,-0.006361
-0.190798,0.088528,-0.117257,0.009039,-0.053524,-0.012444
-0.191275,0.077838,-0.110282,0.004568,-0.051430,-0.016886
-0.192048,0.070876,-0.104420,0.002099,-0.055581,-0.018301
-0.198908,0.067253,-0.092340,0.002128,-0.062850,-0.017523
-0.210213,0.064722,-0.073173,0.003431,-0.067474,-0.015298
-0.219986,0.062140,-0.051557,0.004666,-0.067371,-0.012007
-0.226393,0.061133,-0.030324,0.004715,-0.064542,-0.008830
-0.233294,0.062662,-0.008414,0.002775,-0.060235,-0.007338
-0.244002,0.063500,0.012883,-0.000812,-0.052415,-0.008471
-0.256299,0.060142,0.027613,-0.004231,-0.038792,-0.012399
-0.265730,0.052946,0.031600,-0.005080,-0.020460,-0.018131
-0.270299,0.044991,0.028042,-0.002315,-0.000854,-0.024036
-0.269745,0.038517,0.022734,0.002981,0.017373,-0.029156
-0.264628,0.032203,0.016290,0.008651,0.032353,-0.032524
-0.256701,0.023920,0.005883,0.012295,0.041804,-0.032732
-0.248643,0.014862,-0.008308,0.012475,0.044588,-0.029484
-0.243148,0.007464,-0.022959,0.009589,0.042372,-0.023942
-0.241349,0.002297,-0.035541,0.004942,0.038495,-0.017477
-0.242157,-0.001043,-0.045532,-0.000171,0.035725,-0.011148
-0.243225,-0.003014,-0.053768,-0.004802,0.034937,-0.005816
-0.242140,-0.004223,-0.061810,-0.008643,0.035266,-0.001864
-0.238124,-0.004519,-0.070659,-0.011601,0.035301,0.000934
-0.232964,-0.003279,-0.080030,-0.013269,0.034512,0.003060
-0.228099,-0.000738,-0.089022,-0.013475,0.033549,0.004772
-0.222902,0.002671,-0.097164,-0.012595,0.033144,0.005882
-0.217209,0.006677,-0.104840,-0.011000,0.033434,0.006263
-0.211047,0.010441,-0.112694,-0.009083,0.033975,0.006100
-0.203173,0.013613,-0.121065,-0.007241,0.033585,0.005471
-0.195026,0.016492,-0.129853,-0.005360,0.031620,0.004595
-0.190868,0.018361,-0.138302,-0.003450,0.029952,0.003673
-0.189328,0.018608,-0.146303,-0.002136,0.030784,0.002263
-0.184459,0.018281,-0.155418,-0.001470,0.032402,0.000457
-0.176112,0.018284,-0.166139,-0.000624,0.030553,-0.000405
-0.169893,0.018122,-0.176205,0.000747,0.023964,0.000360
-0.169383,0.016940,-0.183399,0.001918,0.015925,0.001685
-0.172679,0.014807,-0.187681,0.001857,0.010477,0.002145
-0.175469,0.012961,-0.190214,0.000362,0.008815,0.001491
-0.175299,0.012569,-0.192018,-0.001662,0.009302,0.000575
-0.171402,0.013690,-0.193911,-0.003009,0.009063,0.000246
-0.164295,0.015555,-0.196388,-0.002854,0.005194,0.000981
-0.157874,0.017339,-0.198454,-0.000972,-0.003580,0.003047
-0.157473,0.018579,-0.197763,0.002035,-0.015317,0.006012
-0.164039,0.019260,-0.192871,0.004935,-0.025990,0.008543
-0.173174,0.019895,-0.184481,0.006798,-0.032854,0.009380
-0.180605,0.020979,-0.174375,0.007654,-0.036131,0.008397
-0.186161,0.022237,-0.163772,0.008046,-0.037607,0.006540
-0.192258,0.023037,-0.152811,0.008214,-0.038351,0.004809
-0.200601,0.023182,-0.141437,0.007984,-0.037900,0.003482
-0.210335,0.022872,-0.130225,0.007186,-0.035279,0.002315
-0.219082,0.022162,-0.120366,0.005940,-0.030423,0.001204
-0.225221,0.021001,-0.112893,0.004474,-0.024422,0.000382
-0.228265,0.019832,-0.107737,0.002925,-0.018682,-0.000097
-0.228718,0.019314,-0.104156,0.001572,-0.014163,-0.000531
-0.227955,0.019563,-0.101702,0.000960,-0.011261,-0.000989
-0.227240,0.019943,-0.100153,0.001381,-0.009961,-0.001186
-0.227261,0.019635,-0.099204,0.002455,-0.009845,-0.000943
-0.228119,0.018541,-0.098434,0.003446,-0.010165,-0.000437
-0.229463,0.017151,-0.097505,0.003840,-0.010185,0.000034
-0.230852,0.015924,-0.096261,0.003508,-0.009445,0.000356
-0.231759,0.015282,-0.094670,0.002587,-0.007853,0.000539
-0.231821,0.015469,-0.093040,0.001383,-0.005766,0.000583
-0.231237,0.016273,-0.091826,0.000262,-0.003786,0.000529
-0.230407,0.017213,-0.091058,-0.000576,-0.002337,0.000456
-0.229392,0.018060,-0.090376,-0.001115,-0.001571,0.000360
-0.228254,0.018844,-0.089451,-0.001294,-0.001526,0.000211
-0.227497,0.019399,-0.088344,-0.001010,-0.002125,0.000084
-0.227684,0.019395,-0.087369,-0.000398,-0.003020,0.000030
-0.228894,0.018685,-0.086737,0.000144,-0.003648,-0.000039
-0.230529,0.017496,-0.086489,0.000277,-0.003674,-0.000204
-0.231798,0.016410,-0.086346,-0.000001,-0.003279,-0.000409
-0.232492,0.015982,-0.085839,-0.000407,-0.002838,-0.000528
-0.232813,0.016309,-0.084857,-0.000649,-0.002518,-0.000509
-0.232920,0.017025,-0.083771,-0.000651,-0.002299,-0.000400
-0.232968,0.017731,-0.082894,-0.000550,-0.002162,-0.000275
-0.233102,0.018299,-0.082162,-0.000480,-0.002117,-0.000159
-0.233324,0.018690,-0.081507,-0.000430,-0.002122,-0.000037
-0.233476,0.018775,-0.081049,-0.000349,-0.002088,0.000071
-0.233275,0.018535,-0.080910,-0.000217,-0.002001,0.000116
-0.232739,0.018175,-0.081024,-0.000001,-0.002009,0.000128
-0.232353,0.017855,-0.081101,0.000264,-0.002224,0.000199
-0.232395,0.017595,-0.080873,0.000412,-0.002485,0.000308
-0.232667,0.017498,-0.080231,0.000338,-0.002545,0.000333
-0.232868,0.017670,-0.079275,0.000129,-0.002377,0.000225
-0.232875,0.017989,-0.078243,-0.000096,-0.002183,0.000049
-0.232771,0.018278,-0.077284,-0.000288,-0.002188,-0.000110
-0.232879,0.018499,-0.076429,-0.000372,-0.002451,-0.000210
-0.233484,0.018606,-0.075715,-0.000281,-0.002777,-0.000249
-0.234380,0.018503,-0.075236,-0.000105,-0.002906,-0.000270
-0.235122,0.018259,-0.075025,-0.000015,-0.002760,-0.000322
-0.235484,0.018137,-0.074946,-0.000079,-0.002425,-0.000411
-0.235450,0.018334,-0.074787,-0.000230,-0.002032,-0.000515
-0.235098,0.018737,-0.074435,-0.000340,-0.001694,-0.000601
-0.234610,0.018972,-0.073929,-0.000326,-0.001471,-0.000656
-0.234109,0.018794,-0.073342,-0.000246,-0.001372,-0.000716
-0.233655,0.018295,-0.072713,-0.000198,-0.001369,-0.000817
-0.233552,0.017673,-0.072126,-0.000167,-0.001367,-0.000923
-0.234064,0.017008,-0.071704,-0.000117,-0.001276,-0.000986
-0.235008,0.016303,-0.071478,-0.000100,-0.001115,-0.001002
-0.236012,0.015645,-0.071383,-0.000167,-0.000931,-0.000981
-0.236736,0.015256,-0.071364,-0.000264,-0.000734,-0.000914
-0.236989,0.015230,-0.071387,-0.000309,-0.000561,-0.000795
-,-,-,-,-,-
-0.004580,0.000113,-0.000415,-0.000151,-0.000131,-0.000167
-0.025624,0.001343,-0.001613,-0.000130,-0.000003,-0.000218
-0.070560,0.003844,-0.004120,-0.000088,0.000283,-0.000303
-0.130157,0.006991,-0.007444,-0.000054,0.000607,-0.000361
-0.187747,0.009927,-0.010676,-0.000068,0.000769,-0.000348
-0.231315,0.012145,-0.013090,-0.000154,0.000775,-0.000289
-0.256487,0.013478,-0.014447,-0.000304,0.000802,-0.000233
-0.265264,0.014019,-0.015041,-0.000450,0.000910,-0.000163
-0.263091,0.014015,-0.015369,-0.000492,0.001035,-0.000048
-0.255814,0.013807,-0.015682,-0.000360,0.001199,0.000056
-0.247927,0.013713,-0.015913,-0.000009,0.001495,0.000060
-0.241968,0.013726,-0.016068,0.000527,0.001906,-0.000050
-0.238621,0.013539,-0.016406,0.001023,0.002247,-0.000231
-0.237629,0.013094,-0.017094,0.001213,0.002287,-0.000436
-0.238497,0.012744,-0.018012,0.001081,0.002015,-0.000606
-0.240316,0.012723,-0.018931,0.000822,0.001687,-0.000705
-0.241873,0.012908,-0.019760,0.000587,0.001482,-0.000749
-0.242400,0.013111,-0.020572,0.000403,0.001297,-0.000752
-0.242099,0.013235,-0.021379,0.000263,0.000967,-0.000707
-0.241742,0.013135,-0.022076,0.000170,0.000528,-0.000618
-0.241877,0.012674,-0.022494,0.000106,0.000176,-0.000504
-0.242479,0.011968,-0.022497,0.000031,0.000014,-0.000347
-0.243159,0.011374,-0.022149,-0.000048,-0.000029,-0.000125
-0.243586,0.011195,-0.021628,-0.000073,-0.000051,0.000138
-0.243678,0.011463,-0.021119,-0.000024,-0.000063,0.000377
-0.243478,0.011977,-0.020876,0.000060,-0.000024,0.000533
-0.243052,0.012502,-0.021058,0.000130,0.000076,0.000592
-0.242473,0.012904,-0.021542,0.000159,0.000188,0.000580
-0.241868,0.013190,-0.022047,0.000153,0.000216,0.000527
-0.241442,0.013409,-0.022363,0.000148,0.000121,0.000445
-0.241321,0.013535,-0.022512,0.000162,-0.000021,0.000333
-0.241440,0.013509,-0.022640,0.000166,-0.000124,0.000213
-0.241654,0.013357,-0.022808,0.000119,-0.000175,0.000129
-0.241876,0.013206,-0.022918,0.000008,-0.000211,0.000106
-0.242121,0.013175,-0.022836,-0.000127,-0.000265,0.000118
-0.242484,0.013265,-0.022583,-0.000222,-0.000328,0.000129
-0.242902,0.013423,-0.022316,-0.000264,-0.000362,0.000135
-0.243116,0.013698,-0.022083,-0.000283,-0.000377,0.000131
-0.243095,0.014139,-0.021802,-0.000267,-0.000396,0.000112
-0.242991,0.014565,-0.021529,-0.000186,-0.000392,0.000086
-0.242879,0.014745,-0.021411,-0.000080,-0.000365,0.000068
-0.242840,0.014680,-0.021425,0.000001,-0.000349,0.000065
-0.242956,0.014520,-0.021435,0.000067,-0.000332,0.000073
-0.243131,0.014382,-0.021408,0.000153,-0.000255,0.000073
-0.243085,0.014272,-0.021490,0.000243,-0.000110,0.000042
-0.242706,0.014136,-0.021762,0.000249,0.000036,-0.000022
-0.242217,0.014016,-0.022031,0.000134,0.000140,-0.000109
-0.241939,0.014014,-0.022093,0.000013,0.000197,-0.000197
-0.242045,0.014053,-0.022148,0.000019,0.000224,-0.000247
-0.242420,0.013950,-0.022524,0.000111,0.000221,-0.000230
-0.242763,0.013729,-0.023132,0.000159,0.000151,-0.000146
-0.242814,0.013546,-0.023645,0.000119,0.000028,-0.000026
-0.242550,0.013549,-0.023872,0.000040,-0.000084,0.000073
-0.242243,0.013784,-0.023822,0.000005,-0.000155,0.000129
-0.242207,0.014020,-0.023661,0.000047,-0.000181,0.000157
-0.242438,0.014060,-0.023507,0.000102,-0.000165,0.000166
-0.242690,0.014047,-0.023262,0.000138,-0.000152,0.000161
-0.242894,0.014064,-0.022883,0.000200,-0.000162,0.000155
-0.243086,0.013906,-0.022638,0.000253,-0.000164,0.000157
-0.243143,0.013624,-0.022710,0.000217,-0.000157,0.000175
-0.243028,0.013585,-0.022915,0.000146,-0.000154,0.000214
-0.242829,0.013831,-0.023098,0.000121,-0.000110,0.000252
-0.242508,0.014165,-0.023301,0.000107,-0.000014,0.000248
-0.242105,0.014517,-0.023531,0.000092,0.000062,0.000186
-0.241874,0.014763,-0.023766,0.000117,0.000098,0.000099
-0.241841,0.014786,-0.024038,0.000163,0.000159,0.000020
-0.241781,0.014753,-0.024297,0.000178,0.000239,-0.000053
-0.241681,0.014872,-0.024402,0.000174,0.000249,-0.000121
-0.241795,0.015083,-0.024303,0.000183,0.000185,-0.000176
-0.242169,0.015221,-0.024076,0.000188,0.000110,-0.000207
-0.242619,0.015256,-0.023830,0.000172,0.000047,-0.000194
-0.243015,0.015181,-0.023727,0.000147,0.000015,-0.000109
-0.243125,0.014971,-0.023958,0.000100,0.000016,0.000033
-0.242817,0.014744,-0.024476,0.000022,0.000000,0.000170
-0.242333,0.014665,-0.025005,-0.000057,-0.000054,0.000248
-0.241955,0.014741,-0.025327,-0.000111,-0.000118,0.000261
-0.241785,0.014854,-0.025362,-0.000147,-0.000156,0.000223
-0.241782,0.014945,-0.025079,-0.000192,-0.000163,0.000149
-0.241843,0.015106,-0.024505,-0.000233,-0.000176,0.000064
-0.241955,0.015388,-0.023795,-0.000219,-0.000216,-0.000008
-0.242163,0.015586,-0.023297,-0.000135,-0.000240,-0.000056
-0.242438,0.015487,-0.023280,-0.000056,-0.000225,-0.000079
-0.242724,0.015245,-0.023603,-0.000037,-0.000215,-0.000069
-0.243006,0.015104,-0.023955,-0.000057,-0.000226,-0.000024
-0.243263,0.015082,-0.024219,-0.000100,-0.000197,0.000038
-0.243339,0.015144,-0.024441,-0.000146,-0.000102,0.000094
-0.243094,0.015251,-0.024676,-0.000152,-0.000003,0.000136
-0.242588,0.015341,-0.024926,-0.000108,0.000053,0.000165
-0.241970,0.015440,-0.025098,-0.000050,0.000058,0.000180
-0.241442,0.015572,-0.025097,-0.000010,-0.000008,0.000181
-0.241259,0.015663,-0.024961,-0.000001,-0.000122,0.000173
-0.241514,0.015704,-0.024817,-0.000020,-0.000204,0.000159
-0.241933,0.015838,-0.024781,-0.000037,-0.000205,0.000144
-0.242150,0.016127,-0.024876,-0.000016,-0.000181,0.000125
-0.242091,0.016382,-0.025047,0.000026,-0.000201,0.000096
-0.241946,0.016443,-0.025235,0.000031,-0.000255,0.000049
-0.241901,0.016380,-0.025375,-0.000018,-0.000304,-0.000015
-0.242036,0.016301,-0.025391,-0.000086,-0.000322,-0.000079
-0.242283,0.016238,-0.025256,-0.000115,-0.000290,-0.000121
-0.242482,0.016151,-0.025115,-0.000072,-0.000233,-0.000137
-0.242589,0.016003,-0.025122,-0.000012,-0.000191,-0.000133
-0.242633,0.015910,-0.025217,-0.000002,-0.000166,-0.000111
-0.242607,0.015927,-0.025292,-0.000012,-0.000141,-0.000082
-0.242516,0.015899,-0.025344,-0.000017,-0.000092,-0.000063
-0.242286,0.015819,-0.025363,-0.000054,-0.000032,-0.000052
-0.241863,0.015859,-0.025315,-0.000119,-0.000033,-0.000045
-0.241488,0.015999,-0.025272,-0.000160,-0.000115,-0.000046
-0.241445,0.016026,-0.025400,-0.000175,-0.000187,-0.000064
-0.241690,0.015893,-0.025682,-0.000212,-0.000211,-0.000101
-0.242015,0.015759,-0.025759,-0.000283,-0.000253,-0.000138
-0.242383,0.015738,-0.025323,-0.000333,-0.000328,-0.000146
-0.242787,0.015800,-0.024576,-0.000292,-0.000347,-0.000115
-0.242995,0.015882,-0.023981,-0.000168,-0.000265,-0.000063
-0.242829,0.016015,-0.023748,-0.000022,-0.000155,-0.000014
-0.242410,0.016221,-0.023891,0.000096,-0.000084,0.000016
-0.241945,0.016421,-0.024343,0.000141,-0.000056,0.000009
-0.241640,0.016564,-0.024875,0.000104,-0.000070,-0.000034
-0.241628,0.016694,-0.025219,0.000025,-0.000115,-0.000097
-0.241804,0.016797,-0.025279,-0.000054,-0.000158,-0.000155
-0.242064,0.016766,-0.025190,-0.000114,-0.000173,-0.000181
-0.242407,0.016567,-0.025180,-0.000155,-0.000148,-0.000156
-0.242624,0.016328,-0.025284,-0.000186,-0.000102,-0.000089
-0.242463,0.016247,-0.025278,-0.000204,-0.000086,-0.000026
-0.242055,0.016379,-0.025085,-0.000166,-0.000116,-0.000005
-0.241785,0.016543,-0.024907,-0.000059,-0.000157,-0.000023
-0.241797,0.016564,-0.024966,0.000052,-0.000163,-0.000054
-0.241874,0.016476,-0.025346,0.000106,-0.000155,-0.000073
-0.241880,0.016347,-0.025953,0.000091,-0.000158,-0.000083
-,-,-,-,-,-
-0.004608,0.000190,-0.000518,-0.000121,-0.000141,-0.000138
-0.025762,0.001756,-0.002337,0.000057,-0.000094,-0.000047
-0.071009,0.004984,-0.006470,0.000484,0.000008,0.000167
-0.131206,0.009149,-0.012375,0.001122,0.000188,0.000474
-0.189467,0.013102,-0.018493,0.001794,0.000417,0.000811
-0.233458,0.016167,-0.023296,0.002325,0.000649,0.001142
-0.258596,0.018271,-0.026128,0.002661,0.000899,0.001427
-0.266720,0.019591,-0.027351,0.002862,0.001190,0.001617
-0.263380,0.020267,-0.027840,0.003002,0.001515,0.001691
-0.254859,0.020424,-0.028423,0.003079,0.001810,0.001662
-0.246163,0.020326,-0.029330,0.003051,0.001973,0.001570
-0.240176,0.020320,-0.030201,0.002958,0.001972,0.001477
-0.237624,0.020456,-0.030753,0.002882,0.001842,0.001466
-0.237796,0.020588,-0.030955,0.002840,0.001659,0.001568
-0.239399,0.020834,-0.030844,0.002851,0.001535,0.001730
-0.241148,0.021323,-0.030626,0.002973,0.001507,0.001893
-0.242238,0.021892,-0.030658,0.003214,0.001523,0.002024
-0.242544,0.022380,-0.031170,0.003513,0.001545,0.002107
-0.242421,0.022833,-0.032025,0.003791,0.001586,0.002150
-0.242201,0.023407,-0.032830,0.004018,0.001669,0.002178
-0.241953,0.024184,-0.033334,0.004211,0.001770,0.002220
-0.241730,0.025068,-0.033538,0.004380,0.001853,0.002286
-0.241638,0.025883,-0.033573,0.004537,0.001930,0.002378
-0.241648,0.026509,-0.033629,0.004717,0.002027,0.002502
-0.241666,0.026895,-0.033792,0.004941,0.002157,0.002639
-0.241675,0.027111,-0.034064,0.005225,0.002330,0.002771
-0.241576,0.027307,-0.034609,0.005588,0.002541,0.002917
-0.241170,0.027592,-0.035705,0.005994,0.002758,0.003084
-0.240449,0.028071,-0.037409,0.006369,0.002943,0.003237
-0.239693,0.028809,-0.039561,0.006685,0.003071,0.003362
-0.239103,0.029736,-0.042131,0.006930,0.003141,0.003485
-0.238583,0.030679,-0.045039,0.007024,0.003156,0.003599
-0.238209,0.031488,-0.047656,0.006903,0.003131,0.003661
-0.238288,0.032116,-0.049256,0.006625,0.003136,0.003671
-0.238704,0.032640,-0.049868,0.006318,0.003262,0.003679
-0.238807,0.033269,-0.050170,0.006076,0.003523,0.003712
-0.238182,0.034218,-0.050774,0.005958,0.003798,0.003743
-0.237143,0.035479,-0.051931,0.005994,0.003967,0.003742
-0.236171,0.036738,-0.053817,0.006098,0.004068,0.003686
-0.235426,0.037646,-0.056514,0.006069,0.004228,0.003550
-0.234965,0.038231,-0.059744,0.005762,0.004629,0.003326
-0.234797,0.038743,-0.063377,0.005188,0.005582,0.003005
-0.234651,0.039383,-0.067837,0.004497,0.007520,0.002603
-0.234007,0.040360,-0.073340,0.004020,0.010730,0.002226
-0.232439,0.041643,-0.079205,0.004089,0.015028,0.001946
-0.229809,0.042623,-0.084617,0.004608,0.019687,0.001537
-0.226438,0.042714,-0.089781,0.004919,0.023756,0.000615
-0.222737,0.041951,-0.095791,0.004378,0.026650,-0.000876
-0.218465,0.040469,-0.103308,0.002811,0.028136,-0.002603
-0.213283,0.038702,-0.111749,0.000390,0.027925,-0.004236
-0.207339,0.037391,-0.120088,-0.002419,0.025916,-0.005706
-0.201230,0.036352,-0.127485,-0.005011,0.022353,-0.007148
-0.196433,0.034982,-0.132912,-0.007026,0.017693,-0.008681
-0.194978,0.033297,-0.135278,-0.008424,0.012876,-0.010298
-0.197936,0.031430,-0.134249,-0.009276,0.009304,-0.011923
-0.204163,0.029292,-0.130932,-0.009504,0.008114,-0.013386
-0.210844,0.026711,-0.127381,-0.008928,0.009401,-0.014422
-0.215355,0.023724,-0.125388,-0.007557,0.012020,-0.014798
-0.216950,0.020642,-0.125926,-0.005635,0.014285,-0.014321
-0.216844,0.017912,-0.129050,-0.003462,0.015245,-0.012902
-0.215981,0.015799,-0.134078,-0.001240,0.015531,-0.010891
-0.214162,0.013758,-0.140128,0.000833,0.016527,-0.009048
-0.211056,0.011265,-0.146486,0.002454,0.018741,-0.007853
-0.206439,0.008683,-0.152357,0.003521,0.021288,-0.007203
-0.201254,0.006405,-0.156723,0.004263,0.022673,-0.006745
-0.197902,0.004415,-0.159414,0.004963,0.022187,-0.005926
-0.197832,0.002230,-0.161684,0.005584,0.020633,-0.004229
-0.200043,-0.000749,-0.164797,0.005567,0.019535,-0.001889
-0.202393,-0.004299,-0.169479,0.004114,0.019967,0.000422
-0.202909,-0.007054,-0.176032,0.000818,0.021990,0.002686
-0.199311,-0.007011,-0.183228,-0.003586,0.024561,0.005268
-0.190466,-0.003680,-0.189511,-0.007510,0.025643,0.008141
-0.179165,0.001095,-0.194857,-0.010057,0.023365,0.011046
-0.169945,0.005860,-0.199450,-0.011397,0.018083,0.013454
-0.164744,0.010902,-0.202782,-0.012001,0.012362,0.014484
-0.162505,0.016832,-0.204626,-0.012256,0.008701,0.013638
-0.161449,0.022895,-0.205738,-0.012374,0.008132,0.011385
-0.160343,0.027318,-0.207359,-0.012700,0.010377,0.008827
-0.157413,0.030095,-0.209687,-0.013705,0.014144,0.006875
-0.150979,0.032795,-0.211867,-0.015253,0.017474,0.005965
-0.142354,0.035867,-0.213744,-0.016798,0.019063,0.006359
-0.134208,0.039273,-0.215665,-0.018227,0.019427,0.007746
-0.127097,0.043801,-0.217208,-0.019635,0.020049,0.008779
-0.120312,0.050230,-0.217835,-0.020760,0.021636,0.008219
-0.112986,0.058676,-0.217549,-0.021022,0.023526,0.006312
-0.104397,0.067901,-0.216599,-0.019989,0.024178,0.004345
-0.096269,0.075725,-0.215596,-0.018040,0.022552,0.003252
-0.091857,0.081675,-0.215095,-0.016025,0.019486,0.003056
-0.090716,0.087157,-0.215177,-0.014003,0.016764,0.003268
-0.088741,0.092434,-0.216198,-0.011326,0.014526,0.003546
-0.085006,0.095763,-0.218651,-0.007998,0.011519,0.003919
-0.083397,0.096232,-0.222339,-0.004841,0.008251,0.004379
-0.084835,0.095642,-0.226827,-0.002210,0.006980,0.004624
-0.084125,0.095860,-0.231329,0.000386,0.007949,0.004566
-0.077549,0.096337,-0.234110,0.003105,0.008059,0.004662
-0.067778,0.095912,-0.233948,0.004995,0.003515,0.005235
-0.059524,0.094487,-0.231340,0.004933,-0.007379,0.005956
-0.055711,0.092385,-0.227171,0.002775,-0.024044,0.006413
-0.058838,0.090592,-0.221170,-0.000675,-0.044746,0.006683
-0.070484,0.090870,-0.212373,-0.004281,-0.066764,0.007049
-0.089455,0.093762,-0.200558,-0.007125,-0.086576,0.007537
-0.113433,0.098003,-0.186209,-0.008620,-0.101344,0.008128
-0.140142,0.102321,-0.169618,-0.008620,-0.110078,0.008814
-0.166580,0.105560,-0.150956,-0.007671,-0.113024,0.009109
-0.189410,0.106746,-0.130275,-0.006842,-0.111291,0.008576
-0.206254,0.106847,-0.107247,-0.007089,-0.107197,0.007694
-0.216676,0.108037,-0.081880,-0.008587,-0.103100,0.007208
-0.221984,0.111607,-0.054749,-0.010428,-0.099323,0.007300
-0.223760,0.117391,-0.026676,-0.011074,-0.093903,0.007474
-0.222876,0.123957,0.000674,-0.009447,-0.084866,0.006987
-0.220193,0.129634,0.024952,-0.005597,-0.072161,0.005606
-0.216429,0.133151,0.043805,-0.000515,-0.057377,0.003574
-0.211529,0.133692,0.055606,0.004336,-0.042977,0.001180
-0.206263,0.131774,0.061035,0.007844,-0.031581,-0.001101
-0.202039,0.129007,0.062694,0.009829,-0.024550,-0.002804
-0.199451,0.126408,0.062842,0.010496,-0.021094,-0.003959
-0.200037,0.124256,0.062792,0.009882,-0.018744,-0.004744
-0.205336,0.122468,0.063151,0.007829,-0.014251,-0.005113
-0.213203,0.120726,0.063985,0.004136,-0.004858,-0.005204
-0.219645,0.119419,0.064756,-0.000577,0.010143,-0.005451
-0.222456,0.118801,0.063024,-0.004627,0.028629,-0.005993
-0.221228,0.117692,0.055659,-0.006892,0.046248,-0.006678
-0.216858,0.115324,0.042685,-0.007824,0.058313,-0.007616
-0.211933,0.112728,0.027254,-0.008243,0.062338,-0.008968
-0.209254,0.111019,0.012487,-0.008117,0.059636,-0.010653
-0.209316,0.109846,-0.000258,-0.006944,0.054095,-0.012777
-0.211287,0.108224,-0.011357,-0.004474,0.049343,-0.015579
-0.215031,0.105604,-0.022052,-0.000628,0.047469,-0.018953
-,-,-,-,-,-
-0.001193,-0.000030,-0.004806,-0.000148,0.000267,-0.000204
-0.006059,0.000592,-0.026966,-0.000177,0.002368,-0.000463
-0.015745,0.002023,-0.074507,-0.000394,0.007083,-0.001111
-0.026298,0.004155,-0.138093,-0.000849,0.013391,-0.002072
-0.032473,0.006655,-0.200085,-0.001261,0.018637,-0.002872
-0.032544,0.009098,-0.247098,-0.001268,0.020307,-0.002925
-0.028036,0.010567,-0.274250,-0.000943,0.017163,-0.001934
-0.021396,0.009938,-0.284500,-0.000999,0.009148,0.000207
-0.015485,0.007502,-0.284481,-0.002349,-0.002891,0.003611
-0.013524,0.005361,-0.279851,-0.005408,-0.017371,0.008223
-0.017472,0.005093,-0.273569,-0.010274,-0.032820,0.013677
-0.026943,0.007360,-0.266314,-0.017265,-0.048785,0.019391
-0.040943,0.014292,-0.257124,-0.025832,-0.064881,0.024497
-0.059216,0.027589,-0.245143,-0.033575,-0.079077,0.027915
-0.081008,0.045050,-0.231314,-0.037940,-0.088451,0.029146
-0.103987,0.062793,-0.217374,-0.038124,-0.091253,0.028689
-0.124678,0.078430,-0.204123,-0.034894,-0.087727,0.027099
-0.140743,0.090877,-0.191427,-0.029653,-0.079891,0.024412
-0.152957,0.099846,-0.178923,-0.023863,-0.070531,0.020923
-0.163154,0.105972,-0.166478,-0.018673,-0.061683,0.017426
-0.171398,0.110138,-0.154289,-0.014759,-0.054115,0.014322
-0.176747,0.112973,-0.142450,-0.012346,-0.048410,0.011501
-0.179246,0.115540,-0.130563,-0.011148,-0.045814,0.009152
-0.180534,0.118942,-0.118015,-0.010399,-0.047089,0.007689
-0.183048,0.122796,-0.104496,-0.009446,-0.050989,0.006982
-0.188004,0.125715,-0.090311,-0.008420,-0.054977,0.006498
-0.193816,0.127173,-0.075947,-0.008099,-0.057405,0.005916
-0.197528,0.127898,-0.061335,-0.008917,-0.058409,0.005010
-0.198835,0.128755,-0.045813,-0.010198,-0.058725,0.003397
-0.200810,0.129790,-0.029133,-0.010662,-0.058078,0.000892
-0.204775,0.130038,-0.012872,-0.009789,-0.055404,-0.002318
-0.207877,0.128363,0.000300,-0.008401,-0.051154,-0.005808
-0.208132,0.124862,0.009847,-0.007618,-0.048054,-0.008709
-0.207635,0.120956,0.018464,-0.007757,-0.048057,-0.010138
-0.209042,0.117866,0.028993,-0.008553,-0.049786,-0.010053
-0.211607,0.115512,0.041428,-0.009796,-0.050666,-0.008973
-0.211764,0.113209,0.054284,-0.011356,-0.050561,-0.007238
-0.207646,0.111035,0.067694,-0.012895,-0.051418,-0.005104
-0.201207,0.109604,0.082878,-0.013885,-0.053919,-0.002989
-0.194544,0.109065,0.099708,-0.013855,-0.056677,-0.001175
-0.187006,0.108965,0.116470,-0.012576,-0.058582,0.000369
-0.177736,0.108617,0.131733,-0.010335,-0.059972,0.001710
-0.167793,0.108020,0.145649,-0.007762,-0.061248,0.002854
-0.157375,0.107800,0.158388,-0.005219,-0.062217,0.003853
-0.144888,0.108150,0.169343,-0.002745,-0.063200,0.004758
-0.130715,0.109097,0.179046,-0.000329,-0.064493,0.005456
-0.117064,0.110517,0.188447,0.001946,-0.064854,0.005676
-0.104075,0.111869,0.196687,0.003892,-0.062866,0.005342
-0.090461,0.113057,0.202660,0.005481,-0.058950,0.004739
-0.076729,0.114382,0.206953,0.006894,-0.054269,0.004069
-0.064654,0.115706,0.210338,0.008136,-0.048874,0.003285
-0.054379,0.116800,0.212556,0.008971,-0.042310,0.002406
-0.044944,0.118095,0.213480,0.009316,-0.035003,0.001547
-0.037146,0.120095,0.213635,0.009396,-0.027760,0.000781
-0.032854,0.122574,0.213589,0.009373,-0.020335,0.000113
-0.032591,0.125207,0.214000,0.009116,-0.011223,-0.000694
-0.035531,0.128054,0.215454,0.008529,0.001332,-0.002064
-0.040501,0.130798,0.217228,0.007838,0.017962,-0.004201
-0.046822,0.132460,0.217155,0.007303,0.037185,-0.006838
-0.055348,0.132458,0.213449,0.006969,0.056162,-0.009251
-0.067858,0.131605,0.206223,0.006940,0.072855,-0.010626
-0.084560,0.131712,0.197068,0.007764,0.087080,-0.010815
-0.103613,0.134001,0.186642,0.010254,0.099415,-0.010575
-0.123112,0.137625,0.173147,0.014545,0.109859,-0.010881
-0.141796,0.140391,0.154243,0.019454,0.117712,-0.012208
-0.158798,0.141208,0.129536,0.023459,0.122376,-0.014389
-0.173535,0.140258,0.100289,0.025897,0.124044,-0.016908
-0.184978,0.137352,0.067761,0.026704,0.123383,-0.019510
-0.192116,0.132425,0.033221,0.025965,0.120720,-0.022311
-0.195371,0.126119,-0.001550,0.024013,0.115769,-0.024995
-0.195877,0.119019,-0.034751,0.021221,0.107903,-0.026561
-0.194224,0.111743,-0.064810,0.017902,0.096911,-0.026312
-0.191680,0.104832,-0.090650,0.014530,0.084070,-0.024524
-0.190351,0.098432,-0.111907,0.011563,0.072228,-0.022112
-0.190338,0.093034,-0.128547,0.009413,0.064175,-0.020068
-0.189375,0.089192,-0.141217,0.008654,0.060848,-0.018923
-0.185390,0.086048,-0.151961,0.009494,0.061021,-0.018400
-0.177670,0.081825,-0.163178,0.011231,0.062338,-0.017888
-0.167049,0.075598,-0.176020,0.012810,0.062819,-0.017096
-0.155160,0.067997,-0.189970,0.013609,0.061834,-0.015945
-0.142935,0.060795,-0.203390,0.013622,0.059620,-0.014234
-0.130900,0.055055,-0.214896,0.013273,0.056603,-0.011766
-0.119734,0.049819,-0.224290,0.012888,0.053604,-0.008955
-0.109248,0.043966,-0.232053,0.012248,0.051531,-0.006970
-0.098286,0.038187,-0.238590,0.010921,0.050358,-0.006627
-0.086283,0.033844,-0.244153,0.008799,0.049124,-0.007481
-0.074022,0.031284,-0.248927,0.006144,0.047152,-0.008505
-0.062433,0.030397,-0.252765,0.003473,0.044634,-0.009101
-0.051662,0.031297,-0.255309,0.001517,0.042060,-0.009041
-0.041622,0.033181,-0.256745,0.000858,0.040030,-0.008254
-0.031436,0.034130,-0.257796,0.001449,0.039106,-0.007081
-0.019211,0.033066,-0.258794,0.002621,0.038746,-0.006049
-0.005164,0.030599,-0.259656,0.003533,0.037540,-0.005410
0.007605,0.027967,-0.260535,0.003712,0.035052,-0.005220
0.017179,0.025868,-0.261648,0.003182,0.032149,-0.005307
0.024193,0.024269,-0.262834,0.002134,0.029709,-0.005203
0.029779,0.023274,-0.263587,0.000763,0.028044,-0.004482
0.035338,0.023516,-0.263302,-0.000577,0.027046,-0.002955
0.042325,0.025246,-0.261760,-0.001411,0.026203,-0.000653
0.050767,0.027715,-0.259411,-0.001468,0.024909,0.002079
0.059270,0.029690,-0.256864,-0.000813,0.023088,0.004575
0.066370,0.030421,-0.254459,0.000374,0.021450,0.006127
0.071810,0.029803,-0.252639,0.001863,0.021013,0.006411
0.076806,0.027688,-0.251781,0.003142,0.022042,0.005665
0.082816,0.024529,-0.251521,0.003630,0.023682,0.004467
0.090364,0.021830,-0.250833,0.003338,0.024863,0.003419
0.099344,0.020439,-0.248468,0.002747,0.024593,0.002947
0.109305,0.019664,-0.243967,0.002001,0.021401,0.003187
0.118930,0.018533,-0.238700,0.000680,0.013858,0.004181
0.125810,0.017414,-0.234799,-0.001741,0.001554,0.006256
0.127530,0.017688,-0.233426,-0.005384,-0.014742,0.009971
0.124092,0.019172,-0.234328,-0.010303,-0.033559,0.016191
0.115431,0.019280,-0.235195,-0.017259,-0.052127,0.025958
0.097020,0.017503,-0.234315,-0.026302,-0.064349,0.038372
0.067299,0.018664,-0.234776,-0.034556,-0.064200,0.048880
0.035412,0.027103,-0.239529,-0.038038,-0.053307,0.052019
0.012653,0.040854,-0.246660,-0.035774,-0.039799,0.046135
0.002466,0.054498,-0.253393,-0.030351,-0.030649,0.034373
0.001688,0.064599,-0.258015,-0.025263,-0.028727,0.021506
0.004062,0.071282,-0.259242,-0.022651,-0.033441,0.010745
0.002501,0.076299,-0.257108,-0.022446,-0.041336,0.003171
-0.005866,0.080930,-0.252763,-0.023242,-0.048316,-0.001021
-0.017997,0.085390,-0.247220,-0.024082,-0.052838,-0.001980
-0.031171,0.089807,-0.241215,-0.025136,-0.056018,-0.000451
-0.045674,0.095256,-0.235716,-0.026615,-0.058425,0.002437
-0.060489,0.102530,-0.231021,-0.027708,-0.058792,0.005262
-0.074202,0.110903,-0.226094,-0.027377,-0.055917,0.006638
-0.087660,0.119441,-0.219936,-0.025292,-0.049613,0.006250
-0.002048,0.002326,-0.003757,-0.000269,-0.000414,-0.000192
-0.011582,0.014196,-0.020844,-0.000861,-0.001623,-0.000325
-0.033099,0.039868,-0.057082,-0.002210,-0.004000,-0.000445
-0.062348,0.074513,-0.104415,-0.004007,-0.006767,-0.000336
-0.089891,0.108164,-0.148900,-0.005635,-0.009499,-0.000030
-0.110391,0.132973,-0.181247,-0.006933,-0.012593,0.000388
-0.124264,0.146828,-0.198713,-0.008172,-0.015697,0.001039
-0.132384,0.152224,-0.202823,-0.009353,-0.017491,0.001795
-0.134704,0.152634,-0.197304,-0.010045,-0.017449,0.002211
-0.132863,0.150765,-0.186745,-0.009940,-0.016531,0.002202
-0.129495,0.148602,-0.175199,-0.009209,-0.016156,0.002063
-0.126548,0.147452,-0.165232,-0.008192,-0.017108,0.001886
-0.126126,0.147641,-0.157971,-0.007015,-0.019008,0.001593
-0.129748,0.148505,-0.153624,-0.005740,-0.020431,0.001206
-0.135808,0.149284,-0.151504,-0.004633,-0.020144,0.000613
-0.141133,0.149849,-0.150141,-0.004002,-0.018431,-0.000440
-0.145285,0.150416,-0.148411,-0.003881,-0.016514,-0.001759
-0.149359,0.151125,-0.146079,-0.004071,-0.014968,-0.002796
-0.152294,0.151853,-0.143151,-0.004345,-0.013761,-0.003455
-0.153242,0.152337,-0.139677,-0.004554,-0.013106,-0.003975
-0.154100,0.152739,-0.135907,-0.004562,-0.012964,-0.004333
-0.156339,0.153393,-0.132344,-0.004131,-0.012605,-0.004413
-0.158804,0.153892,-0.129673,-0.003161,-0.011640,-0.004289
-0.160080,0.153348,-0.128115,-0.002081,-0.010773,-0.004025
-0.161053,0.151729,-0.126981,-0.001548,-0.010748,-0.003583
-0.163440,0.150192,-0.125406,-0.001609,-0.011042,-0.003178
-0.166741,0.149625,-0.123134,-0.001600,-0.010552,-0.003446
-0.169199,0.149412,-0.120510,-0.001039,-0.009126,-0.004770
-0.170368,0.148371,-0.118191,-0.000329,-0.007748,-0.006646
-0.170792,0.146399,-0.116197,-0.000271,-0.007523,-0.008217
-0.171335,0.144369,-0.113756,-0.001089,-0.008765,-0.008993
-0.173292,0.143016,-0.110557,-0.002223,-0.010855,-0.008887
-0.176743,0.142376,-0.106927,-0.002954,-0.012699,-0.008266
-0.179958,0.141688,-0.103197,-0.003007,-0.013503,-0.007929
-0.182158,0.140279,-0.099713,-0.002574,-0.013276,-0.008207
-0.184038,0.138361,-0.096778,-0.001970,-0.012506,-0.008551
-0.185533,0.136320,-0.094436,-0.001487,-0.011711,-0.008494
-0.186330,0.134169,-0.092676,-0.001404,-0.011472,-0.008092
-0.187285,0.132137,-0.091331,-0.001907,-0.012246,-0.007435
-0.189146,0.130811,-0.089726,-0.002929,-0.013835,-0.006668
-0.191544,0.130159,-0.087207,-0.004146,-0.015619,-0.006058
-0.194166,0.129595,-0.083602,-0.005267,-0.017180,-0.005545
-0.197070,0.128958,-0.078799,-0.006246,-0.018226,-0.004847
-0.200212,0.128367,-0.072730,-0.007179,-0.018385,-0.003995
-0.203826,0.128215,-0.065905,-0.007957,-0.017222,-0.003213
-0.207596,0.128982,-0.059432,-0.008143,-0.014350,-0.002664
-0.209840,0.130103,-0.054455,-0.007426,-0.010073,-0.002531
-0.209667,0.130561,-0.051517,-0.005996,-0.005661,-0.002844
-0.208333,0.130278,-0.050437,-0.004263,-0.002401,-0.003259
-0.207084,0.129619,-0.050582,-0.002537,-0.000840,-0.003425
-0.206051,0.128495,-0.051016,-0.001161,-0.000990,-0.003328
-0.205925,0.126815,-0.051044,-0.000495,-0.002360,-0.003003
-0.207641,0.124872,-0.050766,-0.000638,-0.003733,-0.002481
-0.210522,0.123031,-0.050384,-0.001399,-0.003750,-0.002173
-0.213217,0.121893,-0.049595,-0.002285,-0.001749,-0.002640
-0.215017,0.121867,-0.048422,-0.002518,0.002171,-0.004096
-0.215808,0.122167,-0.047883,-0.001557,0.007424,-0.006506
-0.216216,0.121491,-0.048948,0.000488,0.013348,-0.009812
-0.216720,0.119227,-0.051593,0.003092,0.019534,-0.013894
-0.216602,0.115522,-0.055900,0.005691,0.025482,-0.018459
-0.214854,0.110475,-0.062800,0.007762,0.030285,-0.022940
-0.211706,0.103772,-0.072445,0.008726,0.033047,-0.026558
-0.208615,0.095825,-0.083247,0.008261,0.033464,-0.028641
-0.207247,0.087979,-0.093361,0.006845,0.032258,-0.029041
-0.208260,0.080841,-0.102227,0.005361,0.031144,-0.028269
-0.210189,0.073991,-0.110600,0.004148,0.031617,-0.027035
-0.210802,0.067350,-0.119221,0.003081,0.033780,-0.025689
-0.209641,0.061300,-0.128098,0.002320,0.036867,-0.024144
-0.207189,0.055824,-0.137392,0.002116,0.040255,-0.022277
-0.202713,0.050537,-0.147557,0.002107,0.043349,-0.020235
-0.195319,0.045322,-0.158559,0.001709,0.045055,-0.018129
-0.186048,0.040623,-0.169708,0.000982,0.044225,-0.015822
-0.177080,0.036825,-0.180040,0.000512,0.040688,-0.013247
-0.169797,0.033543,-0.188934,0.000607,0.035442,-0.010603
-0.164051,0.030164,-0.196117,0.000815,0.029811,-0.008323
-0.158348,0.027074,-0.201533,0.000367,0.024257,-0.006687
-0.151715,0.025491,-0.205437,-0.000921,0.017851,-0.005320
-0.145537,0.025965,-0.207736,-0.002438,0.009656,-0.003569
-0.141913,0.027864,-0.208051,-0.003366,0.000072,-0.001210
-0.141217,0.030051,-0.206510,-0.003487,-0.010016,0.001561
-0.142875,0.031566,-0.203560,-0.003459,-0.020332,0.004422
-0.147465,0.032423,-0.199555,-0.004016,-0.030473,0.006990
-0.156023,0.033587,-0.194620,-0.005034,-0.038804,0.008759
-0.167275,0.035644,-0.188348,-0.005909,-0.043459,0.009249
-0.177671,0.038431,-0.179990,-0.006419,-0.044561,0.008458
-0.185120,0.041914,-0.168993,-0.006644,-0.044344,0.007055
-0.191476,0.046177,-0.155420,-0.006470,-0.044710,0.005875
-0.199642,0.050481,-0.140494,-0.005652,-0.045226,0.005201
-0.209350,0.053430,-0.126280,-0.004361,-0.044145,0.004710
-0.217807,0.054527,-0.114315,-0.003276,-0.040870,0.004075
-0.223003,0.054586,-0.104804,-0.002914,-0.036587,0.003328
-0.225271,0.054582,-0.097164,-0.003194,-0.032889,0.002669
-0.226238,0.054949,-0.090665,-0.003699,-0.030556,0.002200
-0.227102,0.055740,-0.084390,-0.004068,-0.029482,0.001850
-0.228350,0.056809,-0.077579,-0.004098,-0.029154,0.001518
-0.230154,0.057828,-0.070179,-0.003793,-0.029008,0.001196
-0.232248,0.058560,-0.062483,-0.003344,-0.028588,0.000856
-0.233965,0.059106,-0.054637,-0.002864,-0.027781,0.000443
-0.234969,0.059572,-0.046688,-0.002302,-0.026958,0.000082
-0.235533,0.059798,-0.038803,-0.001693,-0.026609,-0.000003
-0.236118,0.059621,-0.031184,-0.001329,-0.026890,0.000245
-0.237104,0.059247,-0.023720,-0.001462,-0.027468,0.000688
-0.238326,0.059133,-0.016107,-0.001900,-0.027680,0.001117
-0.238896,0.059525,-0.008359,-0.002190,-0.027183,0.001402
-0.238119,0.060249,-0.000831,-0.002104,-0.026388,0.001573
-0.236465,0.060967,0.006284,-0.001760,-0.025806,0.001664
-0.235286,0.061494,0.013220,-0.001269,-0.025116,0.001570
-0.235185,0.061892,0.020132,-0.000568,-0.023577,0.001227
-0.234973,0.062247,0.026684,0.000373,-0.021425,0.000758
-0.233555,0.062412,0.032520,0.001410,-0.020011,0.000332
-0.231856,0.062267,0.037704,0.002282,-0.020236,0.000049
-0.231212,0.062010,0.042483,0.002774,-0.021467,-0.000033
-0.231105,0.061916,0.046772,0.002837,-0.022405,0.000060
-0.230156,0.062155,0.050239,0.002560,-0.022552,0.000222
-0.228576,0.062788,0.053083,0.002140,-0.022123,0.000349
-0.227975,0.063768,0.055954,0.001844,-0.020749,0.000338
-0.229350,0.064882,0.058912,0.001927,-0.017054,0.000062
-0.232224,0.065680,0.061121,0.002469,-0.009905,-0.000479
-0.235160,0.065884,0.061561,0.003289,0.000205,-0.001071
-0.236987,0.065818,0.059579,0.004102,0.011398,-0.001413
-0.237962,0.065941,0.055313,0.004704,0.021952,-0.001349
-0.239019,0.066095,0.049605,0.005032,0.031279,-0.001089
-0.239832,0.065807,0.042728,0.005123,0.039284,-0.001041
-0.239236,0.065072,0.034024,0.004964,0.045384,-0.001407
-0.237333,0.064144,0.023121,0.004488,0.048820,-0.002033
-0.235420,0.063190,0.010520,0.003750,0.049602,-0.002611
-0.234140,0.062341,-0.002853,0.002969,0.048639,-0.003007
-0.233003,0.061457,-0.016084,0.002269,0.046886,-0.003415
-,-,-,-,-,-
-0.003087,0.000530,-0.003653,-0.000179,-0.000315,-0.000167
-0.017131,0.003793,-0.020305,-0.000305,-0.001101,-0.000184
-0.047523,0.010721,-0.055889,-0.000590,-0.002786,-0.000104
-0.088489,0.019819,-0.103010,-0.000983,-0.004951,0.000138
-0.128476,0.028659,-0.148127,-0.001347,-0.006994,0.000425
-0.158908,0.035647,-0.181498,-0.001570,-0.008678,0.000702
-0.176993,0.039988,-0.199824,-0.001659,-0.009960,0.001057
-0.183943,0.041657,-0.204864,-0.001723,-0.010937,0.001414
-0.183024,0.041476,-0.200965,-0.001862,-0.012047,0.001615
-0.178854,0.040714,-0.192724,-0.002095,-0.013714,0.001725
-0.175671,0.040285,-0.183517,-0.002336,-0.015773,0.001843
-0.175375,0.040339,-0.175359,-0.002526,-0.017722,0.001919
-0.177996,0.040720,-0.168982,-0.002759,-0.019232,0.001912
-0.183018,0.041470,-0.163870,-0.003093,-0.020004,0.001750
-0.189322,0.042679,-0.159239,-0.003396,-0.019780,0.001327
-0.195170,0.044117,-0.154905,-0.003516,-0.018802,0.000784
-0.199363,0.045311,-0.151013,-0.003504,-0.017781,0.000450
-0.202080,0.045822,-0.147676,-0.003701,-0.017345,0.000470
-0.204054,0.045729,-0.144864,-0.004542,-0.017756,0.000751
-0.205407,0.045749,-0.142178,-0.006083,-0.019053,0.001154
-0.206056,0.046547,-0.138923,-0.007887,-0.021212,0.001628
-0.206399,0.048174,-0.134617,-0.009531,-0.024118,0.002212
-0.206886,0.050315,-0.129255,-0.011093,-0.027620,0.003004
-0.207292,0.053036,-0.123085,-0.013014,-0.031750,0.004119
-0.207542,0.056896,-0.116135,-0.015206,-0.036278,0.005459
-0.209463,0.062174,-0.108373,-0.016453,-0.039384,0.006485
-0.214486,0.068113,-0.100620,-0.015230,-0.037735,0.006441
-0.220077,0.072918,-0.094401,-0.010992,-0.029140,0.004835
-0.222290,0.075337,-0.090837,-0.004530,-0.015102,0.002046
-0.220826,0.075967,-0.089460,0.003008,0.000169,-0.000396
-0.219562,0.075825,-0.087566,0.010839,0.013356,-0.001213
-0.221992,0.074893,-0.082819,0.017660,0.023895,-0.001108
-0.226801,0.072745,-0.076867,0.021656,0.032737,-0.001602
-0.229490,0.069447,-0.073767,0.022040,0.040534,-0.002814
-0.227401,0.065924,-0.075854,0.019622,0.047399,-0.003573
-0.221228,0.063411,-0.083192,0.016103,0.053333,-0.002896
-0.213546,0.062251,-0.095060,0.013161,0.058049,-0.000825
-0.207344,0.061395,-0.110832,0.011753,0.061121,0.001599
-0.203903,0.059186,-0.130387,0.012069,0.062593,0.002821
-0.200929,0.054934,-0.153100,0.013947,0.063152,0.001902
-0.193377,0.048845,-0.176652,0.016610,0.063353,-0.000554
-0.178039,0.040924,-0.198160,0.018285,0.062685,-0.002742
-0.157794,0.031830,-0.215743,0.017145,0.060285,-0.003064
-0.138650,0.024053,-0.228650,0.013039,0.056259,-0.001450
-0.123574,0.020252,-0.237539,0.007982,0.051297,0.001031
-0.112313,0.020287,-0.244909,0.004099,0.046019,0.003678
-0.104268,0.021619,-0.252902,0.001636,0.041628,0.006347
-0.097657,0.022531,-0.260686,-0.000100,0.039806,0.008523
-0.088521,0.023043,-0.266095,-0.001290,0.041027,0.009553
-0.074359,0.023432,-0.268601,-0.002000,0.044015,0.009480
-0.056596,0.024016,-0.269021,-0.002611,0.047196,0.008755
-0.037374,0.025676,-0.267763,-0.003213,0.049734,0.007719
-0.017423,0.029013,-0.264951,-0.003410,0.051077,0.006774
0.002112,0.033342,-0.261354,-0.002828,0.050834,0.006474
0.019472,0.037077,-0.257689,-0.001383,0.049401,0.007083
0.034366,0.038993,-0.253903,0.000641,0.047251,0.008180
0.048224,0.038936,-0.249827,0.002468,0.043306,0.009016
0.061194,0.037537,-0.245928,0.003224,0.035653,0.009170
0.070266,0.035432,-0.243573,0.002631,0.024471,0.008631
0.073133,0.033045,-0.243810,0.001079,0.012722,0.007541
0.071808,0.031394,-0.245709,-0.000709,0.003299,0.006141
0.069179,0.031543,-0.247773,-0.001921,-0.002836,0.004796
0.065674,0.032814,-0.250084,-0.002087,-0.005647,0.003777
0.062011,0.033589,-0.252870,-0.001480,-0.005506,0.003035
0.059908,0.033497,-0.255207,-0.000703,-0.003849,0.002318
0.058963,0.033083,-0.256788,-0.000083,-0.002274,0.001513
0.058030,0.032619,-0.258081,0.000221,-0.001145,0.000716
0.058292,0.032411,-0.258525,0.000066,-0.000571,0.000104
0.060164,0.032857,-0.257542,-0.000468,-0.001525,-0.000081
0.060280,0.033760,-0.256398,-0.001108,-0.004295,0.000276
0.056471,0.034557,-0.256579,-0.001704,-0.007430,0.000917
0.051526,0.035276,-0.257756,-0.002283,-0.009678,0.001526
0.047798,0.036228,-0.259165,-0.002840,-0.011117,0.002085
0.044083,0.037077,-0.260945,-0.003380,-0.011837,0.002615
0.040003,0.037573,-0.262971,-0.003975,-0.011471,0.002914
0.037142,0.038267,-0.264303,-0.004553,-0.010058,0.002804
0.035678,0.039524,-0.264372,-0.004960,-0.008123,0.002419
0.034329,0.040874,-0.263579,-0.005233,-0.005992,0.002058
0.033391,0.041963,-0.262305,-0.005591,-0.003914,0.001848
0.034191,0.043204,-0.260370,-0.006061,-0.002640,0.001684
0.035560,0.044899,-0.258178,-0.006332,-0.002683,0.001401
0.035035,0.046730,-0.256735,-0.006215,-0.003327,0.000944
0.033110,0.048369,-0.256146,-0.005909,-0.003621,0.000363
0.031966,0.049844,-0.255922,-0.005609,-0.003634,-0.000273
0.031477,0.051343,-0.256253,-0.005334,-0.003709,-0.000814
0.030347,0.052955,-0.257286,-0.005095,-0.003553,-0.001095
0.028928,0.054799,-0.258164,-0.004816,-0.002894,-0.001132
0.027966,0.056786,-0.258268,-0.004303,-0.001935,-0.001019
0.027053,0.058298,-0.258235,-0.003588,-0.000751,-0.000804
0.026151,0.059049,-0.258691,-0.002908,0.000927,-0.000564
0.026163,0.059466,-0.259190,-0.002300,0.003205,-0.000420
0.027211,0.059708,-0.259280,-0.001594,0.005901,-0.000418
0.028552,0.059475,-0.259356,-0.000784,0.008990,-0.000498
0.030464,0.058984,-0.259578,0.000258,0.013059,-0.000634
0.034369,0.058732,-0.259006,0.002211,0.018978,-0.000874
0.041030,0.058095,-0.256804,0.005127,0.026134,-0.001268
0.049950,0.055947,-0.253647,0.007472,0.031592,-0.001785
0.059875,0.053028,-0.250814,0.007913,0.032913,-0.002300
0.069258,0.051399,-0.248707,0.007031,0.030597,-0.002626
0.076788,0.051294,-0.247726,0.006135,0.026854,-0.002496
0.082119,0.051072,-0.248485,0.005720,0.024233,-0.001900
0.086723,0.049787,-0.249514,0.005786,0.024936,-0.001387
0.092598,0.047858,-0.248162,0.006146,0.028790,-0.001388
0.099936,0.046155,-0.244206,0.006260,0.033068,-0.001563
0.107448,0.044959,-0.239328,0.005933,0.035640,-0.001347
0.114234,0.043714,-0.234732,0.005437,0.036051,-0.000572
0.120690,0.042208,-0.231003,0.004671,0.034020,0.000732
0.127652,0.040839,-0.228265,0.003356,0.029596,0.002552
0.134930,0.039342,-0.226260,0.001612,0.023894,0.004638
0.141373,0.036952,-0.224768,-0.000299,0.018279,0.006357
0.146543,0.034230,-0.223438,-0.002249,0.013275,0.007192
0.151007,0.032792,-0.221634,-0.004038,0.008710,0.007243
0.155098,0.032938,-0.218864,-0.005346,0.004160,0.006904
0.158523,0.033205,-0.215431,-0.006449,-0.001597,0.006302
0.160308,0.032484,-0.212768,-0.008621,-0.010397,0.005373
0.159523,0.031535,-0.212606,-0.012802,-0.022661,0.004204
0.155466,0.031564,-0.215622,-0.018490,-0.036562,0.002957
0.147002,0.033649,-0.221237,-0.024580,-0.049270,0.001676
0.134843,0.039972,-0.227919,-0.029594,-0.057671,0.000498
0.121754,0.051186,-0.233781,-0.031551,-0.059440,-0.000380
0.108966,0.064381,-0.237825,-0.029618,-0.054907,-0.000865
0.097127,0.076102,-0.239928,-0.024853,-0.046925,-0.000764
0.088086,0.083734,-0.240104,-0.019096,-0.039493,-0.000028
0.082110,0.086019,-0.238844,-0.014636,-0.036990,0.000952
0.075607,0.085425,-0.237639,-0.013512,-0.041735,0.001864
0.063246,0.086015,-0.238034,-0.015547,-0.050402,0.002723
0.044199,0.088402,-0.239777,-0.018321,-0.055642,0.003149
0.024662,0.091048,-0.241103,-0.019746,-0.053320,0.002365
-,-,-,-,-,-
-0.003139,0.002222,-0.002196,0.000051,0.000227,-0.000310
-0.017654,0.013762,-0.011970,0.001051,0.002054,-0.001030
-0.049466,0.038781,-0.033230,0.003253,0.005961,-0.002525
-0.092645,0.072031,-0.062572,0.006283,0.011072,-0.004426
-0.134669,0.103451,-0.092926,0.009294,0.015793,-0.006158
-0.165805,0.125955,-0.118470,0.011638,0.019070,-0.007466
-0.182886,0.137524,-0.136390,0.013223,0.020815,-0.008424
-0.188219,0.139489,-0.146830,0.014372,0.021661,-0.009126
-0.185991,0.134628,-0.151789,0.015266,0.022332,-0.009601
-0.179655,0.126458,-0.153903,0.015814,0.023225,-0.009895
-0.171887,0.118206,-0.155622,0.016185,0.024558,-0.010033
-0.164769,0.111383,-0.158830,0.016801,0.026384,-0.009951
-0.159036,0.105663,-0.164629,0.017637,0.028292,-0.009573
-0.154313,0.100109,-0.173013,0.018099,0.029560,-0.008923
-0.150256,0.094333,-0.182828,0.017618,0.029714,-0.008159
-0.146906,0.088704,-0.192553,0.016051,0.028877,-0.007512
-0.144243,0.083854,-0.200969,0.013737,0.027804,-0.007284
-0.141438,0.080156,-0.207348,0.011434,0.027403,-0.007683
-0.136926,0.077423,-0.211976,0.009953,0.027799,-0.008442
-0.130238,0.074831,-0.216175,0.009518,0.028120,-0.008856
-0.123024,0.071537,-0.221004,0.009618,0.027628,-0.008451
-0.116820,0.067552,-0.226170,0.009612,0.026579,-0.007472
-0.111084,0.063657,-0.230576,0.009278,0.025559,-0.006535
-0.104659,0.060521,-0.233778,0.008780,0.024755,-0.006004
-0.097494,0.058195,-0.236239,0.008322,0.024209,-0.005884
-0.090198,0.056376,-0.238396,0.008061,0.024182,-0.006084
-0.083079,0.054646,-0.240390,0.008196,0.025022,-0.006584
-0.075846,0.052335,-0.242310,0.008748,0.026731,-0.007341
-0.067894,0.048951,-0.244092,0.009389,0.028743,-0.008123
-0.058888,0.044622,-0.245380,0.009839,0.030371,-0.008707
-0.048243,0.039516,-0.245977,0.010008,0.031057,-0.009203
-0.034936,0.033773,-0.246267,0.009678,0.029743,-0.009713
-0.020434,0.028300,-0.246732,0.008631,0.025032,-0.009907
-0.009536,0.024325,-0.247531,0.006954,0.016615,-0.009453
-0.005587,0.022188,-0.248556,0.004856,0.005426,-0.008496
-0.008479,0.021523,-0.249544,0.002413,-0.007704,-0.007099
-0.018034,0.021923,-0.250086,-0.000444,-0.022228,-0.004796
-0.034169,0.022793,-0.249879,-0.003856,-0.037179,-0.001309
-0.054584,0.023716,-0.248894,-0.007939,-0.051139,0.003080
-0.077147,0.025716,-0.246296,-0.012341,-0.061888,0.007621
-0.101462,0.030510,-0.240412,-0.015876,-0.066611,0.010397
-0.124673,0.038132,-0.231142,-0.017348,-0.064622,0.009285
-0.142814,0.047330,-0.220240,-0.016786,-0.058726,0.004731
-0.156630,0.056692,-0.208579,-0.014921,-0.051920,-0.000462
-0.167936,0.063943,-0.196141,-0.011904,-0.045030,-0.004135
-0.174963,0.066559,-0.184219,-0.008038,-0.038824,-0.005933
-0.177172,0.064309,-0.174147,-0.004987,-0.035641,-0.005846
-0.178614,0.060904,-0.164966,-0.004152,-0.037199,-0.003210
-0.183263,0.060287,-0.155245,-0.004353,-0.041912,0.001921
-0.190890,0.061569,-0.145822,-0.003465,-0.046070,0.007530
-0.199307,0.061782,-0.138519,-0.001425,-0.047141,0.011145
-0.207451,0.061070,-0.133256,0.000517,-0.044479,0.011828
-0.214542,0.061534,-0.128702,0.002041,-0.038349,0.010079
-0.219002,0.063301,-0.124992,0.003686,-0.029888,0.006920
-0.219963,0.064481,-0.123398,0.005432,-0.021223,0.003528
-0.218149,0.064032,-0.123934,0.006516,-0.014635,0.000918
-0.214929,0.062547,-0.125198,0.006409,-0.011419,-0.000543
-0.212088,0.061027,-0.125689,0.005278,-0.011337,-0.001125
-0.211542,0.060275,-0.124066,0.003779,-0.012910,-0.001229
-0.213664,0.060656,-0.119539,0.002701,-0.014564,-0.001113
-0.216980,0.061576,-0.112775,0.002419,-0.015721,-0.000896
-0.220084,0.062147,-0.105427,0.002640,-0.016686,-0.000494
-0.222599,0.062512,-0.098929,0.003045,-0.017509,0.000201
-0.224363,0.063157,-0.094195,0.003820,-0.017441,0.000944
-0.225103,0.063810,-0.091633,0.005041,-0.015870,0.001266
-0.224938,0.063979,-0.090728,0.006207,-0.013215,0.000938
-0.224420,0.063344,-0.090226,0.006689,-0.010579,0.000102
-0.224353,0.061752,-0.089198,0.006209,-0.008824,-0.000888
-0.225526,0.059777,-0.087366,0.005024,-0.007844,-0.001710
-0.228007,0.058580,-0.084466,0.003825,-0.006904,-0.002234
-0.231274,0.058709,-0.080503,0.003306,-0.005597,-0.002372
-0.234653,0.059716,-0.076639,0.003755,-0.004058,-0.002022
-0.237317,0.060841,-0.074545,0.004945,-0.002550,-0.001267
-0.238892,0.061369,-0.074911,0.006380,-0.001063,-0.000352
-0.239341,0.060916,-0.077451,0.007551,0.000791,0.000465
-0.238019,0.059792,-0.081675,0.008099,0.003432,0.000902
-0.234206,0.058478,-0.087006,0.007957,0.006907,0.000770
-0.228203,0.057069,-0.093011,0.007357,0.010881,0.000148
-0.221607,0.055575,-0.099337,0.006629,0.014978,-0.000808
-0.216873,0.054217,-0.105303,0.005954,0.019015,-0.002044
-0.215258,0.053109,-0.110651,0.005364,0.022882,-0.003396
-0.215489,0.051971,-0.115858,0.004726,0.026031,-0.004534
-0.215926,0.050691,-0.120894,0.003764,0.027396,-0.005097
-0.216316,0.049457,-0.124908,0.002454,0.026426,-0.004815
-0.216719,0.048209,-0.127207,0.001157,0.023722,-0.003785
-0.216849,0.046918,-0.127981,0.000237,0.020432,-0.002491
-0.216681,0.045797,-0.128262,-0.000153,0.017602,-0.001338
-0.215827,0.045182,-0.129401,0.000017,0.016048,-0.000483
-0.213076,0.045363,-0.132577,0.000797,0.016213,-0.000012
-0.208052,0.046020,-0.138357,0.002155,0.017945,0.000119
-0.201506,0.046488,-0.146259,0.003877,0.020639,0.000073
-0.193937,0.046368,-0.155147,0.005719,0.023627,-0.000114
-0.185822,0.045281,-0.164306,0.007408,0.026450,-0.000452
-0.177853,0.042838,-0.173317,0.008454,0.028812,-0.000936
-0.170407,0.039455,-0.181434,0.008366,0.030414,-0.001703
-0.163907,0.036352,-0.188373,0.007155,0.031065,-0.002704
-0.158574,0.034184,-0.194559,0.005336,0.030785,-0.003587
-0.153788,0.032621,-0.200182,0.003482,0.029560,-0.004165
-0.149416,0.031278,-0.205462,0.001956,0.027472,-0.004428
-0.145991,0.029957,-0.210846,0.000831,0.025114,-0.004415
-0.142663,0.028472,-0.216108,0.000022,0.023155,-0.004523
-0.138688,0.026854,-0.220872,-0.000525,0.021725,-0.005055
-0.135115,0.025349,-0.225141,-0.001006,0.020818,-0.005748
-0.131887,0.024349,-0.228434,-0.001619,0.020552,-0.006536
-0.127830,0.024213,-0.230305,-0.002147,0.020761,-0.007609
-0.123319,0.024718,-0.231248,-0.002348,0.021115,-0.008615
-0.118864,0.025207,-0.231778,-0.002362,0.021443,-0.009166
-0.113607,0.025588,-0.231975,-0.002303,0.021415,-0.009463
-0.107322,0.026210,-0.232237,-0.001946,0.020641,-0.009603
-0.101683,0.026680,-0.233352,-0.001075,0.019448,-0.009368
-0.098188,0.026047,-0.235888,0.000105,0.018754,-0.008848
-0.096122,0.024105,-0.239871,0.001069,0.018997,-0.008290
-0.093896,0.021513,-0.244818,0.001428,0.019850,-0.007635
-0.090893,0.018977,-0.249929,0.001128,0.020901,-0.006769
-0.087130,0.016758,-0.254447,0.000294,0.022057,-0.005869
-0.082625,0.014807,-0.258032,-0.000924,0.023367,-0.005268
-0.077269,0.013352,-0.260682,-0.002403,0.024782,-0.005068
-0.070834,0.013017,-0.262413,-0.003964,0.026149,-0.005015
-0.063184,0.014144,-0.263242,-0.005301,0.027335,-0.004820
-0.054336,0.016402,-0.263339,-0.006063,0.028252,-0.004489
-0.044483,0.019059,-0.262945,-0.006030,0.028697,-0.004219
-0.034141,0.021372,-0.262297,-0.005401,0.028409,-0.004075
-0.024142,0.022809,-0.261794,-0.004733,0.027411,-0.004110
-0.015206,0.023537,-0.261713,-0.004461,0.026035,-0.004540
-0.007590,0.024490,-0.261901,-0.004611,0.024565,-0.005367
-0.001242,0.026226,-0.262106,-0.005006,0.023043,-0.006116
0.003952,0.028302,-0.262254,-0.005603,0.021430,-0.006234
0.008129,0.030346,-0.262056,-0.006469,0.019822,-0.005579
-,-,-,-,-,-
-0.001394,0.001326,-0.004463,0.000050,0.000306,-0.000091
-0.007351,0.008162,-0.025041,0.001001,0.002557,0.000229
-0.020049,0.022264,-0.069276,0.002973,0.007634,0.000876
-0.036174,0.040337,-0.128563,0.005546,0.015027,0.001538
-0.049407,0.057097,-0.186769,0.008024,0.023061,0.001868
-0.054853,0.068558,-0.231935,0.009767,0.029689,0.001945
-0.050842,0.073249,-0.259439,0.010306,0.033145,0.002093
-0.038640,0.072514,-0.270873,0.009642,0.032535,0.002415
-0.021527,0.068824,-0.271247,0.008219,0.027838,0.002687
-0.003912,0.063829,-0.266252,0.006252,0.019406,0.002643
0.009342,0.058806,-0.260434,0.003384,0.007970,0.002170
0.014317,0.055874,-0.256141,-0.000397,-0.004555,0.001239
0.010341,0.056282,-0.253805,-0.004104,-0.015413,-0.000138
0.000217,0.058630,-0.253161,-0.006836,-0.023117,-0.001697
-0.012785,0.061065,-0.253645,-0.008739,-0.028159,-0.002891
-0.027138,0.063599,-0.254153,-0.010339,-0.031220,-0.003449
-0.041753,0.067121,-0.253443,-0.011632,-0.032102,-0.003673
-0.054353,0.071309,-0.251034,-0.012356,-0.030896,-0.003969
-0.063073,0.074860,-0.247330,-0.012767,-0.029013,-0.004428
-0.068610,0.077693,-0.242791,-0.013465,-0.028147,-0.004891
-0.073543,0.080904,-0.237660,-0.014502,-0.028640,-0.005220
-0.080122,0.084679,-0.232302,-0.015322,-0.029522,-0.005472
-0.088397,0.088279,-0.227065,-0.015513,-0.029904,-0.005749
-0.096511,0.091184,-0.222040,-0.015175,-0.029949,-0.006013
-0.103341,0.093210,-0.217125,-0.014773,-0.030561,-0.006183
-0.109864,0.094703,-0.211931,-0.014800,-0.032281,-0.006269
-0.117775,0.096429,-0.205894,-0.015329,-0.034563,-0.006307
-0.127177,0.098795,-0.198686,-0.015922,-0.036268,-0.006366
-0.135924,0.101515,-0.190326,-0.016066,-0.037000,-0.006630
-0.142519,0.103777,-0.180999,-0.015721,-0.037871,-0.007126
-0.148626,0.105121,-0.170556,-0.015403,-0.040363,-0.007406
-0.156608,0.106188,-0.158286,-0.015430,-0.044423,-0.007212
-0.166545,0.107861,-0.143611,-0.015315,-0.048583,-0.007013
-0.177747,0.110159,-0.126895,-0.014293,-0.051645,-0.007011
-0.190283,0.112538,-0.109338,-0.011985,-0.052879,-0.006701
-0.203251,0.114608,-0.092261,-0.008391,-0.051292,-0.006021
-0.214659,0.116016,-0.076971,-0.003771,-0.046276,-0.005583
-0.223348,0.116075,-0.065114,0.001382,-0.038380,-0.005698
-0.229118,0.114108,-0.058374,0.006364,-0.028795,-0.006185
-0.231805,0.110333,-0.057392,0.010433,-0.018886,-0.006763
-0.231469,0.105726,-0.061361,0.013187,-0.010223,-0.007130
-0.229632,0.100984,-0.068742,0.014649,-0.004042,-0.006982
-0.228872,0.096386,-0.077744,0.014978,-0.000185,-0.006174
-0.230150,0.092307,-0.086301,0.014460,0.003049,-0.004921
-0.231767,0.089293,-0.092769,0.013647,0.007514,-0.003711
-0.231343,0.087543,-0.096941,0.013115,0.013741,-0.002885
-0.227686,0.086650,-0.099865,0.013113,0.020837,-0.002474
-0.220761,0.085995,-0.103094,0.013690,0.027448,-0.002396
-0.211152,0.084891,-0.108396,0.014793,0.032504,-0.002559
-0.199939,0.082465,-0.117327,0.015936,0.035234,-0.002831
-0.188540,0.078298,-0.130166,0.016135,0.035186,-0.003158
-0.178315,0.073335,-0.145214,0.014585,0.032347,-0.003594
-0.170553,0.069248,-0.159532,0.011330,0.027040,-0.004029
-0.166659,0.066928,-0.170310,0.007211,0.020027,-0.004189
-0.167352,0.066167,-0.175887,0.003277,0.012772,-0.003975
-0.171631,0.066399,-0.176182,0.000282,0.006928,-0.003588
-0.177434,0.067172,-0.172463,-0.001474,0.003443,-0.003238
-0.183220,0.068128,-0.166814,-0.002022,0.002480,-0.002935
-0.188017,0.069093,-0.161457,-0.001513,0.003869,-0.002669
-0.190843,0.069929,-0.158178,-0.000142,0.007150,-0.002523
-0.191415,0.070142,-0.158110,0.001666,0.011502,-0.002424
-0.190439,0.069242,-0.161500,0.003302,0.016090,-0.002167
-0.188610,0.067357,-0.167853,0.004407,0.020467,-0.001708
-0.186145,0.064994,-0.176542,0.005069,0.024790,-0.001045
-0.182643,0.062401,-0.186719,0.005449,0.029596,-0.000132
-0.176768,0.059721,-0.197068,0.005519,0.034982,0.000827
-0.167319,0.057325,-0.206619,0.005269,0.040215,0.001486
-0.155064,0.055475,-0.215171,0.004840,0.044523,0.001691
-0.142074,0.054244,-0.222580,0.004357,0.047942,0.001304
-0.129221,0.053843,-0.228487,0.003888,0.050963,0.000129
-0.116074,0.054155,-0.232860,0.003608,0.053728,-0.001707
-0.102660,0.054302,-0.236210,0.003590,0.055936,-0.003691
-0.089532,0.053704,-0.238942,0.003574,0.057347,-0.005482
-0.076221,0.052820,-0.240924,0.003267,0.057677,-0.007078
-0.061381,0.052284,-0.242024,0.002572,0.055866,-0.008260
-0.045409,0.052390,-0.242549,0.001586,0.050598,-0.008394
-0.030894,0.053275,-0.243076,0.000626,0.041913,-0.007062
-0.019419,0.054555,-0.243985,0.000067,0.031511,-0.004672
-0.010276,0.055341,-0.245017,-0.000005,0.021172,-0.002183
-0.002962,0.055311,-0.245459,0.000127,0.011541,-0.000311
0.001478,0.055047,-0.244900,0.000200,0.002681,0.000752
0.002141,0.054829,-0.243553,0.000219,-0.004983,0.000985
-0.000361,0.053927,-0.241648,0.000113,-0.010919,0.000100
-0.004533,0.051903,-0.238813,-0.000559,-0.015558,-0.002370
-0.009211,0.049755,-0.234216,-0.002072,-0.020116,-0.006405
-0.014362,0.048762,-0.227757,-0.003721,-0.024777,-0.011203
-0.021022,0.049257,-0.220952,-0.003990,-0.028098,-0.015688
-0.029807,0.050933,-0.215675,-0.001736,-0.028842,-0.019007
-0.039716,0.052921,-0.213102,0.003482,-0.027417,-0.020647
-0.048536,0.052693,-0.214274,0.011987,-0.024805,-0.020311
-0.053316,0.045878,-0.217814,0.022361,-0.021437,-0.017232
-0.054367,0.029567,-0.219069,0.028004,-0.017432,-0.010155
-0.059044,0.008326,-0.216206,0.019076,-0.010365,0.001112
-0.071252,-0.003108,-0.218857,-0.006589,0.002442,0.014441
-0.084494,0.009793,-0.242305,-0.036336,0.014991,0.025322
-0.093116,0.044079,-0.281870,-0.052611,0.018319,0.028746
-0.095735,0.081041,-0.313135,-0.047913,0.012472,0.023018
-0.090840,0.105347,-0.322886,-0.026876,0.002709,0.011322
-0.080617,0.110739,-0.317039,0.000708,-0.006626,-0.001115
-0.071935,0.092793,-0.304310,0.024444,-0.012134,-0.011351
-0.068080,0.054615,-0.287382,0.036246,-0.012164,-0.020032
-0.064540,0.015726,-0.267412,0.034769,-0.009016,-0.028120
-0.057857,-0.002899,-0.248265,0.026334,-0.006888,-0.034382
-0.052728,0.000494,-0.236855,0.018625,-0.005646,-0.036600
-0.053657,0.012477,-0.239780,0.013662,-0.002002,-0.033223
-0.057332,0.021668,-0.253444,0.009596,0.003955,-0.024797
-0.059580,0.024761,-0.265749,0.005761,0.009787,-0.014379
-0.060477,0.022155,-0.271380,0.002258,0.014216,-0.005115
-0.060678,0.016630,-0.271103,-0.001256,0.016839,0.001508
-0.060674,0.013371,-0.261386,-0.004952,0.020147,0.004479
-0.057540,0.015286,-0.249430,-0.007114,0.026775,0.003415
-0.044746,0.018617,-0.255275,-0.005513,0.032771,0.000208
-0.024060,0.017750,-0.275171,-0.001606,0.032978,-0.002486
-0.005486,0.015175,-0.286785,0.002769,0.027502,-0.003524
0.003195,0.015929,-0.281426,0.007798,0.019641,-0.003047
0.000623,0.016969,-0.264244,0.011622,0.012678,-0.001736
-0.006576,0.013707,-0.249604,0.011988,0.007468,-0.000404
-0.010364,0.007149,-0.248028,0.009345,0.003526,0.000457
-0.008694,0.000930,-0.255478,0.005434,0.000784,0.000784
-0.003546,-0.002446,-0.264093,0.001804,-0.000773,0.000722
0.002443,-0.002639,-0.269889,-0.000672,-0.001343,0.000451
0.007310,-0.000702,-0.271983,-0.001823,-0.001265,0.000141
0.010233,0.002015,-0.271224,-0.001924,-0.000889,-0.000099
0.011316,0.004477,-0.269023,-0.001430,-0.000480,-0.000231
0.011144,0.006146,-0.266628,-0.000760,-0.000186,-0.000265
0.010367,0.006927,-0.264813,-0.000196,-0.000049,-0.000237
0.009476,0.007001,-0.263828,0.000138,-0.000039,-0.000181
0.008780,0.006667,-0.263557,0.000243,-0.000098,-0.000126