-,-,-,-,-,-
-0.004576,0.000333,-0.001073,-0.000179,-0.000143,-0.000142
-0.025443,0.002577,-0.005388,-0.000331,-0.000062,-0.000093
-0.069565,0.007348,-0.014486,-0.000738,0.000130,-0.000012
-0.127395,0.013821,-0.026436,-0.001372,0.000256,0.000068
-0.182735,0.020266,-0.037778,-0.002063,0.000029,0.000121
-0.224613,0.025390,-0.045760,-0.002661,-0.000492,0.000078
-0.249124,0.028697,-0.049427,-0.003036,-0.000937,-0.000161
-0.257948,0.029868,-0.049618,-0.003110,-0.001132,-0.000626
-0.256577,0.028990,-0.047783,-0.002946,-0.001123,-0.001272
-0.251324,0.026925,-0.045326,-0.002584,-0.000876,-0.001963
-0.246214,0.024593,-0.043540,-0.002010,-0.000361,-0.002412
-0.242291,0.022573,-0.043040,-0.001397,0.000220,-0.002389
-0.239442,0.021373,-0.043442,-0.001065,0.000583,-0.001987
-0.237828,0.021227,-0.044126,-0.001073,0.000718,-0.001517
-0.237487,0.021515,-0.044962,-0.001156,0.000861,-0.001223
-0.237789,0.021352,-0.046105,-0.001123,0.001063,-0.001142
-0.238192,0.020729,-0.047442,-0.001024,0.001035,-0.001130
-0.238964,0.020233,-0.048464,-0.000964,0.000628,-0.001009
-0.240086,0.020232,-0.048864,-0.001012,0.000155,-0.000731
-0.240459,0.020881,-0.048837,-0.001208,-0.000120,-0.000383
-0.239418,0.022078,-0.048589,-0.001450,-0.000341,-0.000085
-0.237710,0.023038,-0.048204,-0.001564,-0.000627,0.000066
-0.236507,0.022848,-0.047862,-0.001525,-0.000873,0.000016
-0.236662,0.021603,-0.047672,-0.001429,-0.001043,-0.000151
-0.238272,0.020141,-0.047456,-0.001342,-0.001187,-0.000229
-0.240237,0.019171,-0.046988,-0.001307,-0.001308,-0.000103
-0.241273,0.019242,-0.046231,-0.001333,-0.001381,0.000140
-0.241112,0.020639,-0.045222,-0.001361,-0.001351,0.000325
-0.240057,0.022745,-0.044165,-0.001269,-0.001180,0.000299
-0.238709,0.024156,-0.043524,-0.000963,-0.000986,0.000006
-0.238259,0.023966,-0.043583,-0.000476,-0.000892,-0.000460
-0.239305,0.022557,-0.044191,0.000067,-0.000848,-0.000900
-0.241059,0.020816,-0.045041,0.000532,-0.000764,-0.001114
-0.242350,0.019349,-0.045903,0.000744,-0.000618,-0.001051
-0.242543,0.018665,-0.046559,0.000557,-0.000487,-0.000858
-0.241959,0.018982,-0.046680,0.000096,-0.000482,-0.000705
-0.241586,0.019653,-0.046143,-0.000324,-0.000572,-0.000633
-0.242082,0.019795,-0.045321,-0.000528,-0.000635,-0.000546
-0.243225,0.019359,-0.044696,-0.000574,-0.000659,-0.000305
-0.244049,0.018925,-0.044447,-0.000569,-0.000684,0.000158
-0.243416,0.019047,-0.044532,-0.000607,-0.000715,0.000735
-0.241167,0.020080,-0.044724,-0.000766,-0.000795,0.001187
-0.238516,0.021965,-0.044682,-0.001009,-0.000959,0.001334
-0.236704,0.023889,-0.044316,-0.001185,-0.001111,0.001141
-0.236196,0.024807,-0.043829,-0.001200,-0.001179,0.000697
-0.237066,0.024491,-0.043435,-0.001090,-0.001169,0.000198
-0.238762,0.023523,-0.043202,-0.000950,-0.001052,-0.000144
-0.240162,0.022597,-0.043096,-0.000890,-0.000855,-0.000232
-0.240593,0.022143,-0.043072,-0.001010,-0.000728,-0.000125
-0.240173,0.022336,-0.042918,-0.001317,-0.000785,0.000027
-0.239439,0.023042,-0.042265,-0.001624,-0.000979,0.000065
-0.239077,0.023592,-0.041096,-0.001682,-0.001147,-0.000065
-0.239552,0.023379,-0.039870,-0.001442,-0.001142,-0.000273
-0.240735,0.022582,-0.039069,-0.001042,-0.000925,-0.000399
-0.241948,0.021752,-0.039007,-0.000620,-0.000549,-0.000339
-0.242481,0.021290,-0.039821,-0.000306,-0.000128,-0.000120
-0.242155,0.021518,-0.041176,-0.000219,0.000226,0.000103
-0.241191,0.022429,-0.042408,-0.000331,0.000465,0.000178
-0.240022,0.023384,-0.043063,-0.000467,0.000556,0.000049
-0.239377,0.023726,-0.043132,-0.000487,0.000495,-0.000229
-0.239689,0.023352,-0.042996,-0.000400,0.000328,-0.000482
-0.240563,0.022575,-0.042974,-0.000335,0.000103,-0.000520
-0.241187,0.021918,-0.043033,-0.000400,-0.000138,-0.000325
-0.241248,0.021944,-0.042958,-0.000568,-0.000320,-0.000054
-0.241003,0.022745,-0.042675,-0.000717,-0.000334,0.000135
-0.240577,0.023602,-0.042326,-0.000788,-0.000187,0.000167
-0.240188,0.023776,-0.041944,-0.000794,-0.000025,0.000055
-0.240369,0.023280,-0.041542,-0.000670,0.000091,-0.000103
-0.241063,0.022453,-0.041451,-0.000355,0.000212,-0.000164
-0.241480,0.021604,-0.041925,-0.000006,0.000298,-0.000060
-0.241208,0.021302,-0.042633,0.000121,0.000257,0.000144
-0.240428,0.022050,-0.043032,0.000007,0.000135,0.000313
-0.239345,0.023345,-0.042967,-0.000131,0.000068,0.000326
-0.238394,0.024002,-0.042666,-0.000156,0.000095,0.000130
-0.238375,0.023608,-0.042432,-0.000100,0.000182,-0.000177
-0.239519,0.022698,-0.042504,-0.000009,0.000349,-0.000394
-0.240824,0.021853,-0.043032,0.000078,0.000596,-0.000399
-0.241038,0.021454,-0.043935,0.000079,0.000801,-0.000266
-0.240087,0.021793,-0.044761,-0.000062,0.000837,-0.000180
-0.238936,0.022661,-0.045056,-0.000267,0.000701,-0.000255
-0.238480,0.023198,-0.044786,-0.000387,0.000464,-0.000482
-0.239186,0.022889,-0.044269,-0.000339,0.000226,-0.000744
-0.240859,0.022049,-0.044001,-0.000145,0.000110,-0.000846
-0.242350,0.021143,-0.044314,0.000055,0.000176,-0.000684
-0.242541,0.020631,-0.044981,0.000075,0.000326,-0.000348
-0.241474,0.021015,-0.045460,-0.000113,0.000417,-0.000027
-0.239933,0.022152,-0.045498,-0.000344,0.000412,0.000139
-0.238680,0.023156,-0.045222,-0.000453,0.000308,0.000092
-0.238447,0.023406,-0.044853,-0.000370,0.000115,-0.000115
-0.239590,0.022926,-0.044644,-0.000109,-0.000046,-0.000304
-0.241356,0.021995,-0.044890,0.000212,-0.000063,-0.000299
-0.242399,0.021042,-0.045664,0.000380,0.000002,-0.000073
-0.242117,0.020749,-0.046570,0.000251,0.000024,0.000242
-0.240806,0.021514,-0.047068,-0.000086,-0.000027,0.000459
-0.239086,0.022675,-0.046988,-0.000384,-0.000127,0.000444
-0.237842,0.023117,-0.046513,-0.000492,-0.000269,0.000192
-0.237969,0.022538,-0.045966,-0.000419,-0.000394,-0.000142
-0.239280,0.021496,-0.045724,-0.000250,-0.000412,-0.000343
-0.240488,0.020697,-0.045970,-0.000112,-0.000377,-0.000307
-0.240776,0.020609,-0.046464,-0.000130,-0.000410,-0.000110
-0.240190,0.021359,-0.046770,-0.000316,-0.000507,0.000052
-0.239147,0.022450,-0.046571,-0.000524,-0.000641,0.000017
-0.238579,0.022961,-0.045806,-0.000577,-0.000776,-0.000209
-0.239304,0.022424,-0.044921,-0.000446,-0.000814,-0.000442
-0.241024,0.021219,-0.044566,-0.000275,-0.000741,-0.000463
-0.242575,0.020218,-0.044835,-0.000236,-0.000621,-0.000211
-0.242866,0.020195,-0.045307,-0.000370,-0.000490,0.000184
-0.241583,0.021330,-0.045654,-0.000557,-0.000377,0.000516
-0.239342,0.022958,-0.045757,-0.000652,-0.000323,0.000600
-0.237375,0.024049,-0.045527,-0.000619,-0.000354,0.000369
-0.236882,0.024156,-0.044980,-0.000483,-0.000438,-0.000055
-0.238128,0.023549,-0.044356,-0.000256,-0.000503,-0.000431
-0.240107,0.022621,-0.044062,0.000012,-0.000519,-0.000565
-0.241511,0.021760,-0.044295,0.000177,-0.000523,-0.000451
-0.241900,0.021571,-0.044642,0.000125,-0.000549,-0.000220
-0.241509,0.022313,-0.044584,-0.000050,-0.000591,-0.000018
-0.240712,0.023231,-0.044163,-0.000178,-0.000652,0.000058
-0.240147,0.023445,-0.043705,-0.000210,-0.000719,0.000023
-0.240294,0.023003,-0.043455,-0.000170,-0.000747,-0.000004
-0.240861,0.022422,-0.043629,-0.000077,-0.000729,0.000079
-0.241231,0.022059,-0.044208,-0.000017,-0.000688,0.000254
-0.241090,0.022273,-0.044761,-0.000116,-0.000624,0.000408
-0.240370,0.023217,-0.044824,-0.000350,-0.000550,0.000430
-0.239284,0.024253,-0.044303,-0.000538,-0.000547,0.000270
-0.238581,0.024488,-0.043432,-0.000569,-0.000657,-0.000035
-0.238980,0.023808,-0.042582,-0.000471,-0.000792,-0.000347
-0.240375,0.022670,-0.042138,-0.000315,-0.000842,-0.000489
-0.241855,0.021535,-0.042311,-0.000212,-0.000780,-0.000367
-,-,-,-,-,-
-0.004582,0.000314,-0.000996,-0.000152,-0.000156,-0.000166
-0.025670,0.002557,-0.005002,-0.000130,-0.000165,-0.000194
-0.070701,0.007403,-0.013490,-0.000082,-0.000172,-0.000193
-0.130073,0.014050,-0.024323,-0.000074,-0.000140,-0.000111
-0.186589,0.021016,-0.033570,-0.000180,-0.000114,-0.000015
-0.228731,0.027072,-0.038242,-0.000260,-0.000160,-0.000002
-0.253531,0.031189,-0.037474,0.000052,-0.000160,-0.000035
-0.263556,0.032696,-0.032809,0.001079,0.000152,0.000013
-0.263787,0.031676,-0.027399,0.002815,0.000943,0.000259
-0.259674,0.029245,-0.023921,0.004971,0.002345,0.000809
-0.254883,0.027299,-0.023548,0.007366,0.004643,0.001728
-0.250159,0.027235,-0.026934,0.010036,0.008024,0.002942
-0.244969,0.028732,-0.034541,0.012850,0.012320,0.004182
-0.239525,0.030531,-0.045507,0.015306,0.017219,0.005117
-0.234640,0.031843,-0.057682,0.016892,0.022340,0.005513
-0.230621,0.032305,-0.069281,0.017403,0.027024,0.005271
-0.227587,0.031835,-0.079561,0.016953,0.030505,0.004489
-0.225961,0.030877,-0.088206,0.015941,0.032537,0.003546
-0.225712,0.029998,-0.095249,0.014936,0.033601,0.002984
-0.226064,0.029405,-0.101485,0.014400,0.034475,0.003159
-0.226400,0.028984,-0.108270,0.014447,0.035903,0.004184
-0.226354,0.028591,-0.116494,0.014873,0.038550,0.006246
-0.224304,0.028243,-0.126065,0.015459,0.042734,0.009325
-0.217580,0.027781,-0.136912,0.016099,0.047825,0.012658
-0.205405,0.026824,-0.149676,0.016675,0.052418,0.015161
-0.189646,0.025792,-0.164450,0.017222,0.055537,0.016139
-0.172652,0.025593,-0.179745,0.017926,0.057023,0.015435
-0.155891,0.025723,-0.193861,0.018577,0.056717,0.013423
-0.140085,0.024574,-0.206597,0.018467,0.054018,0.010985
-0.126427,0.021738,-0.218409,0.017121,0.048709,0.009262
-0.116548,0.018030,-0.229020,0.014701,0.042406,0.008919
-0.110245,0.013942,-0.238081,0.011730,0.038189,0.008984
-0.104765,0.009932,-0.245557,0.008953,0.037880,0.007325
-0.096909,0.007063,-0.250576,0.006849,0.040112,0.003044
-0.086228,0.005947,-0.251406,0.004853,0.041847,-0.002495
-0.075904,0.005857,-0.247889,0.001506,0.041594,-0.007118
-0.068940,0.006949,-0.244464,-0.004159,0.039729,-0.009698
-0.065471,0.011937,-0.247694,-0.010791,0.036815,-0.010561
-0.064212,0.021323,-0.257625,-0.015348,0.033789,-0.010262
-0.062911,0.030611,-0.267729,-0.016304,0.032165,-0.008754
-0.058696,0.035990,-0.273527,-0.014731,0.032741,-0.006169
-0.049747,0.038015,-0.274202,-0.012320,0.034621,-0.003277
-0.036066,0.038928,-0.270337,-0.009983,0.035663,-0.000667
-0.020080,0.039861,-0.264607,-0.008200,0.034374,0.001482
-0.005263,0.040916,-0.260503,-0.007576,0.030864,0.002977
0.007064,0.042782,-0.258593,-0.008494,0.025526,0.003749
0.017466,0.046284,-0.256854,-0.010352,0.017994,0.003833
0.025693,0.050208,-0.254827,-0.012015,0.007823,0.003222
0.030489,0.052328,-0.253857,-0.013387,-0.004707,0.002272
0.031088,0.053414,-0.253413,-0.015313,-0.018781,0.001487
0.026029,0.056635,-0.251640,-0.017712,-0.033078,0.000914
0.012504,0.062407,-0.249303,-0.019573,-0.045170,0.000572
-0.009060,0.068709,-0.248347,-0.020333,-0.052016,0.000480
-0.033503,0.074942,-0.248298,-0.019858,-0.051908,0.000166
-0.056080,0.081394,-0.247716,-0.018134,-0.045497,-0.000639
-0.073812,0.087489,-0.246079,-0.015525,-0.035288,-0.001461
-0.083381,0.091911,-0.243318,-0.012851,-0.025292,-0.001692
-0.083967,0.093700,-0.239768,-0.011331,-0.020160,-0.000857
-0.080335,0.094032,-0.235781,-0.011903,-0.022566,0.001205
-0.079232,0.095291,-0.231267,-0.014215,-0.031215,0.003782
-0.084220,0.098158,-0.225939,-0.017054,-0.041964,0.005709
-0.095135,0.102377,-0.218972,-0.019505,-0.050411,0.006446
-0.109751,0.108549,-0.209508,-0.020979,-0.053470,0.006070
-0.124642,0.116468,-0.198413,-0.020808,-0.050219,0.004582
-0.136843,0.123886,-0.188077,-0.018754,-0.042087,0.002150
-0.145227,0.128776,-0.180120,-0.015511,-0.031547,-0.000305
-0.149326,0.131478,-0.174283,-0.012073,-0.020810,-0.001729
-0.149009,0.133310,-0.169755,-0.009015,-0.011960,-0.001810
-0.146178,0.134464,-0.166356,-0.006640,-0.006681,-0.000805
-0.144097,0.135015,-0.163729,-0.005083,-0.004829,0.000655
-0.144440,0.136022,-0.161088,-0.004031,-0.004239,0.001570
-0.146421,0.137755,-0.158673,-0.002856,-0.002719,0.001245
-0.148557,0.138885,-0.157644,-0.001300,0.000208,-0.000018
-0.149618,0.138288,-0.158119,0.000093,0.003467,-0.001326
-0.148513,0.136025,-0.158911,0.000231,0.005287,-0.002100
-0.145138,0.133172,-0.159134,-0.001698,0.003671,-0.002132
-0.141327,0.131480,-0.158763,-0.005319,-0.002671,-0.001182
-0.140198,0.132017,-0.157480,-0.009282,-0.012856,0.000762
-0.143395,0.134593,-0.154374,-0.012358,-0.023845,0.003052
-0.148928,0.138569,-0.148876,-0.013941,-0.032852,0.004753
-0.153739,0.142957,-0.141100,-0.014050,-0.039412,0.005474
-0.157613,0.146749,-0.131400,-0.013283,-0.044489,0.005607
-0.161849,0.149581,-0.120269,-0.012369,-0.048508,0.005561
-0.166189,0.151428,-0.108818,-0.011643,-0.051263,0.005301
-0.169981,0.152351,-0.097906,-0.011203,-0.053057,0.004885
-0.173729,0.153043,-0.086792,-0.011214,-0.054584,0.004374
-0.177985,0.154472,-0.074461,-0.011477,-0.055686,0.003274
-0.183037,0.156630,-0.061313,-0.011231,-0.055295,0.001220
-0.188453,0.158561,-0.048604,-0.009876,-0.052777,-0.001410
-0.192370,0.159170,-0.037503,-0.007517,-0.048867,-0.003977
-0.194368,0.157915,-0.028295,-0.004822,-0.045102,-0.005921
-0.196333,0.155650,-0.019802,-0.002430,-0.042278,-0.006918
-0.198090,0.153768,-0.010629,-0.000515,-0.040180,-0.007255
-0.197598,0.152316,-0.000743,0.001018,-0.038972,-0.007431
-0.195718,0.150641,0.009168,0.002309,-0.039245,-0.007345
-0.195221,0.149003,0.019212,0.003525,-0.040308,-0.006752
-0.196532,0.147851,0.029803,0.004713,-0.040192,-0.006020
-0.197911,0.146935,0.039960,0.005852,-0.037927,-0.005536
-0.198264,0.146119,0.048066,0.006972,-0.034176,-0.005197
-0.197587,0.145493,0.053430,0.008005,-0.029638,-0.005037
-0.195917,0.144752,0.055784,0.008734,-0.024757,-0.005267
-0.193864,0.143796,0.055389,0.009047,-0.020424,-0.005581
-0.192148,0.142973,0.053745,0.009049,-0.017404,-0.005600
-0.190759,0.142296,0.052409,0.008851,-0.015732,-0.005481
-0.189867,0.141546,0.051794,0.008444,-0.015143,-0.005385
-0.189830,0.140775,0.051961,0.007740,-0.015393,-0.005105
-0.191266,0.140358,0.053613,0.006702,-0.015745,-0.004421
-0.195235,0.141161,0.057574,0.005645,-0.014329,-0.003511
-0.201484,0.143642,0.063886,0.005077,-0.008426,-0.003033
-0.207540,0.146160,0.070673,0.004920,0.003917,-0.003648
-0.210723,0.146050,0.073315,0.004352,0.021944,-0.005254
-0.210192,0.142873,0.067627,0.002766,0.042080,-0.007075
-0.206851,0.139099,0.053744,0.000799,0.059806,-0.008569
-0.202624,0.136619,0.034768,-0.000013,0.071465,-0.009475
-0.199533,0.134663,0.013648,0.001170,0.075422,-0.009406
-0.198740,0.132616,-0.007197,0.003971,0.073069,-0.008469
-0.200651,0.131356,-0.025571,0.007826,0.068498,-0.007642
-0.204395,0.130393,-0.041043,0.012262,0.065624,-0.007773
-0.207081,0.127666,-0.055396,0.016173,0.065379,-0.008794
-0.205960,0.122814,-0.070305,0.018371,0.066109,-0.010130
-0.201144,0.117369,-0.086029,0.018719,0.065808,-0.011225
-0.195042,0.112526,-0.102265,0.017995,0.063847,-0.011779
-0.189504,0.108150,-0.118706,0.016975,0.061281,-0.011997
-0.184186,0.103316,-0.134615,0.015854,0.059498,-0.012440
-0.177626,0.098037,-0.149203,0.014680,0.058966,-0.013401
-0.168978,0.093190,-0.162664,0.013795,0.059180,-0.014539
-0.158669,0.088610,-0.175814,0.013396,0.059207,-0.015359
-0.148025,0.083503,-0.188931,0.013272,0.058614,-0.015811
-,-,-,-,-,-
-0.003446,0.001244,-0.002805,-0.000221,-0.000222,-0.000311
-0.019645,0.008348,-0.015148,-0.000557,-0.000487,-0.001038
-0.055466,0.024577,-0.041076,-0.001264,-0.000798,-0.002558
-0.104399,0.047153,-0.075392,-0.002035,-0.000594,-0.004553
-0.152308,0.068916,-0.109158,-0.002492,0.000488,-0.006459
-0.187945,0.084159,-0.135604,-0.002663,0.002111,-0.007835
-0.207063,0.091285,-0.151695,-0.002824,0.003586,-0.008545
-0.212112,0.091768,-0.158000,-0.003138,0.004511,-0.008762
-0.209112,0.088201,-0.157281,-0.003593,0.004991,-0.008700
-0.203310,0.083086,-0.152752,-0.004067,0.005333,-0.008484
-0.197417,0.078361,-0.147081,-0.004374,0.005653,-0.008232
-0.192769,0.074916,-0.142249,-0.004336,0.005958,-0.008042
-0.190338,0.072394,-0.139293,-0.003929,0.006416,-0.008010
-0.190602,0.070289,-0.138092,-0.003285,0.007313,-0.008195
-0.192946,0.069026,-0.138199,-0.002340,0.008926,-0.008390
-0.195644,0.068935,-0.139779,-0.000759,0.011518,-0.008186
-0.196936,0.068910,-0.143365,0.001552,0.015198,-0.007488
-0.196239,0.067611,-0.149128,0.004072,0.019695,-0.006688
-0.193965,0.065095,-0.156696,0.006031,0.024479,-0.006120
-0.190240,0.062276,-0.165424,0.007011,0.029087,-0.005694
-0.185036,0.059804,-0.174515,0.007044,0.033101,-0.005230
-0.179224,0.057984,-0.183142,0.006403,0.036136,-0.004788
-0.173921,0.056923,-0.190934,0.005506,0.038076,-0.004464
-0.169172,0.056179,-0.198062,0.004675,0.038892,-0.004083
-0.164212,0.055002,-0.204629,0.003859,0.038353,-0.003290
-0.158311,0.053306,-0.210449,0.002816,0.036295,-0.001912
-0.150906,0.051700,-0.215308,0.001477,0.032835,-0.000216
-0.142427,0.050786,-0.219172,0.000001,0.028359,0.001219
-0.134173,0.050793,-0.222291,-0.001358,0.023611,0.001976
-0.126339,0.051478,-0.225083,-0.002406,0.019351,0.002076
-0.118458,0.052474,-0.227777,-0.003086,0.015819,0.001748
-0.111342,0.053574,-0.230434,-0.003328,0.013050,0.001085
-0.106421,0.054413,-0.233223,-0.003087,0.011426,0.000049
-0.103896,0.054762,-0.236128,-0.002489,0.011452,-0.001341
-0.102393,0.054862,-0.238849,-0.001734,0.013108,-0.002825
-0.100205,0.054904,-0.241149,-0.001029,0.015568,-0.003875
-0.096844,0.055017,-0.242742,-0.000545,0.017719,-0.004065
-0.092932,0.055218,-0.243463,-0.000278,0.018925,-0.003412
-0.088700,0.054913,-0.243667,-0.000261,0.018944,-0.002155
-0.083782,0.053911,-0.243593,-0.000789,0.017524,-0.000485
-0.078404,0.053497,-0.242927,-0.001821,0.014829,0.001312
-0.073548,0.054864,-0.241815,-0.002611,0.011910,0.002801
-0.069744,0.057245,-0.241404,-0.002509,0.009949,0.003685
-0.066834,0.058929,-0.242729,-0.001742,0.009217,0.003944
-0.064872,0.059321,-0.245605,-0.001122,0.009143,0.003793
-0.063902,0.059075,-0.248908,-0.001218,0.009173,0.003600
-0.063337,0.058977,-0.251598,-0.002010,0.009124,0.003581
-0.062429,0.059416,-0.253179,-0.003153,0.008946,0.003626
-0.060913,0.060508,-0.253567,-0.004284,0.008618,0.003535
-0.058977,0.062285,-0.252939,-0.005077,0.008264,0.003235
-0.056630,0.064597,-0.251715,-0.005216,0.008067,0.002824
-0.053712,0.066781,-0.250541,-0.004581,0.008006,0.002561
-0.050335,0.067908,-0.249992,-0.003475,0.007846,0.002714
-0.046632,0.067807,-0.250159,-0.002421,0.007419,0.003269
-0.042662,0.067298,-0.250681,-0.001779,0.006714,0.003852
-0.038950,0.067265,-0.251238,-0.001657,0.005809,0.004166
-0.036140,0.067996,-0.251743,-0.002019,0.004886,0.004256
-0.034044,0.069308,-0.252015,-0.002715,0.004094,0.004188
-0.032362,0.070805,-0.251882,-0.003500,0.003436,0.003910
-0.031236,0.072145,-0.251442,-0.004163,0.002920,0.003423
-0.030449,0.073145,-0.250899,-0.004595,0.002621,0.002786
-0.029704,0.073322,-0.250569,-0.004871,0.002322,0.002128
-0.029405,0.072394,-0.250439,-0.005416,0.001270,0.001809
-0.030054,0.071388,-0.249653,-0.006717,-0.001323,0.002279
-0.031333,0.071601,-0.247256,-0.008895,-0.005806,0.003643
-0.033106,0.073568,-0.242944,-0.011550,-0.011921,0.005571
-0.036194,0.077599,-0.236972,-0.013777,-0.018491,0.007552
-0.039765,0.083104,-0.230492,-0.014787,-0.024164,0.009031
-0.041542,0.088644,-0.225008,-0.014710,-0.028738,0.009458
-0.042354,0.093652,-0.220737,-0.014207,-0.032468,0.008528
-0.044238,0.098219,-0.217313,-0.013436,-0.035057,0.006494
-0.046127,0.101766,-0.215039,-0.012519,-0.037313,0.003903
-0.048646,0.104039,-0.213771,-0.012396,-0.041653,0.001374
-0.056937,0.106735,-0.212086,-0.013529,-0.048297,-0.000428
-0.073438,0.111042,-0.208551,-0.014805,-0.053591,-0.001546
-0.095010,0.114827,-0.203438,-0.015446,-0.054086,-0.002673
-0.116840,0.116101,-0.197951,-0.016529,-0.049932,-0.003931
-0.134348,0.117370,-0.191551,-0.018802,-0.043810,-0.004902
-0.146175,0.122531,-0.182453,-0.020628,-0.038099,-0.005320
-0.155179,0.131015,-0.170957,-0.019645,-0.032968,-0.005148
-0.162659,0.138484,-0.159864,-0.015390,-0.027362,-0.004675
-0.166690,0.141684,-0.151776,-0.009591,-0.021712,-0.004320
-0.167185,0.140593,-0.147108,-0.004453,-0.017855,-0.004042
-0.166402,0.137370,-0.144477,-0.000965,-0.016322,-0.003534
-0.165149,0.134097,-0.142537,0.001255,-0.015876,-0.002974
-0.163467,0.131286,-0.141156,0.002860,-0.015544,-0.002815
-0.162414,0.128458,-0.141064,0.003962,-0.015132,-0.002980
-0.162356,0.125466,-0.142712,0.004232,-0.014352,-0.003132
-0.162794,0.122896,-0.145296,0.003496,-0.012853,-0.003250
-0.163847,0.121196,-0.147169,0.002082,-0.010548,-0.003463
-0.165665,0.120201,-0.146943,0.000408,-0.007758,-0.003835
-0.167974,0.120084,-0.143823,-0.001254,-0.005243,-0.004292
-0.170879,0.121369,-0.137980,-0.002462,-0.003657,-0.004558
-0.174599,0.123715,-0.130923,-0.002820,-0.002953,-0.004516
-0.179009,0.126069,-0.124597,-0.002332,-0.002505,-0.004395
-0.183692,0.127579,-0.120279,-0.001225,-0.001742,-0.004408
-0.188084,0.127725,-0.118319,0.000221,-0.000607,-0.004487
-0.191702,0.126443,-0.118237,0.001649,0.000553,-0.004402
-0.194104,0.124267,-0.119014,0.002758,0.001152,-0.003936
-0.195363,0.121950,-0.119539,0.003495,0.000678,-0.002952
-0.195919,0.120032,-0.119067,0.004051,-0.000735,-0.001528
-0.195824,0.118618,-0.117701,0.004704,-0.002400,-0.000016
-0.195347,0.117361,-0.116392,0.005583,-0.003658,0.001225
-0.194955,0.115909,-0.116271,0.006583,-0.004102,0.002063
-0.194224,0.114408,-0.117938,0.007517,-0.003713,0.002522
-0.192343,0.113231,-0.121361,0.008268,-0.002966,0.002684
-0.189306,0.112348,-0.126164,0.008735,-0.002397,0.002604
-0.185970,0.111513,-0.131619,0.008760,-0.002162,0.002284
-0.183329,0.110773,-0.136500,0.008267,-0.002166,0.001772
-0.182029,0.110375,-0.139489,0.007390,-0.002372,0.001220
-0.182404,0.110503,-0.139888,0.006447,-0.002778,0.000827
-0.184245,0.111189,-0.137952,0.005775,-0.003225,0.000739
-0.186537,0.112291,-0.134632,0.005556,-0.003532,0.000960
-0.188098,0.113574,-0.131063,0.005789,-0.003735,0.001364
-0.188592,0.114724,-0.128323,0.006391,-0.003969,0.001807
-0.188445,0.115299,-0.127361,0.007215,-0.004193,0.002197
-0.188024,0.114932,-0.128536,0.008012,-0.004304,0.002455
-0.187873,0.113658,-0.131203,0.008511,-0.004342,0.002599
-0.188710,0.111822,-0.134246,0.008584,-0.004273,0.002787
-0.189984,0.109814,-0.136827,0.008266,-0.004019,0.003127
-0.190300,0.108116,-0.138463,0.007666,-0.003765,0.003553
-0.189402,0.107101,-0.138973,0.006910,-0.003658,0.003930
-0.187892,0.106803,-0.138569,0.006155,-0.003470,0.004128
-0.186139,0.106970,-0.138004,0.005582,-0.002913,0.004041
-0.184661,0.107069,-0.138511,0.005303,-0.001746,0.003601
-0.184230,0.106633,-0.140928,0.005308,0.000660,0.002711
-0.184734,0.105668,-0.144873,0.005508,0.005202,0.001245
-0.184582,0.104497,-0.149255,0.005694,0.011842,-0.000719
-,-,-,-,-,-
0.000636,0.000284,-0.004955,-0.000164,-0.000187,-0.000145
0.004267,0.002427,-0.027757,-0.000199,-0.000421,-0.000059
0.011314,0.007094,-0.076515,-0.000267,-0.001024,0.000185
0.019129,0.013294,-0.141447,-0.000351,-0.001646,0.000485
0.025173,0.019138,-0.204403,-0.000450,-0.001631,0.000567
0.029251,0.023379,-0.251880,-0.000612,-0.001000,0.000369
0.031506,0.025852,-0.278890,-0.000861,-0.000302,0.000098
0.031813,0.027007,-0.287750,-0.001105,0.000374,-0.000138
0.031446,0.027279,-0.284664,-0.001267,0.001015,-0.000379
0.031644,0.027145,-0.276226,-0.001427,0.000978,-0.000532
0.031474,0.027231,-0.267387,-0.001622,-0.000089,-0.000458
0.030290,0.027653,-0.260934,-0.001740,-0.001662,-0.000192
0.029624,0.027929,-0.257708,-0.001813,-0.003586,0.000229
0.030442,0.027936,-0.257182,-0.002105,-0.006704,0.000910
0.031107,0.028238,-0.258202,-0.002726,-0.011597,0.001904
0.029506,0.029068,-0.259712,-0.003500,-0.017735,0.003026
0.025060,0.029486,-0.261241,-0.004531,-0.024335,0.003986
0.017969,0.028971,-0.262768,-0.006414,-0.031204,0.004838
0.008648,0.029264,-0.263864,-0.009239,-0.038219,0.005982
-0.002335,0.032158,-0.263542,-0.012138,-0.044716,0.007413
-0.014769,0.037337,-0.261232,-0.014313,-0.050079,0.008683
-0.028697,0.044043,-0.257006,-0.015463,-0.054163,0.009519
-0.044083,0.051569,-0.251168,-0.015252,-0.056667,0.009670
-0.060432,0.058185,-0.244441,-0.013633,-0.057239,0.008802
-0.076278,0.062617,-0.237686,-0.011339,-0.056530,0.007003
-0.090862,0.065494,-0.231259,-0.009138,-0.055829,0.004828
-0.105383,0.067679,-0.225087,-0.007162,-0.055323,0.002855
-0.119885,0.068969,-0.218860,-0.005444,-0.054260,0.001427
-0.132215,0.069075,-0.212317,-0.004412,-0.053061,0.000838
-0.141761,0.068314,-0.205445,-0.004646,-0.053352,0.001450
-0.150476,0.067833,-0.197741,-0.006259,-0.055471,0.003113
-0.159755,0.069281,-0.188054,-0.008364,-0.057566,0.004760
-0.169332,0.072994,-0.176202,-0.009559,-0.057616,0.005415
-0.178689,0.077546,-0.163561,-0.009115,-0.055245,0.005241
-0.187046,0.081582,-0.151245,-0.007318,-0.051459,0.004846
-0.193903,0.084421,-0.139224,-0.005041,-0.047706,0.004469
-0.200173,0.085827,-0.127471,-0.003258,-0.044971,0.004301
-0.205968,0.086496,-0.116198,-0.002454,-0.043208,0.004301
-0.210209,0.087438,-0.105279,-0.002253,-0.041947,0.003979
-0.213515,0.088624,-0.094597,-0.001854,-0.040908,0.003209
-0.216679,0.089243,-0.084347,-0.001001,-0.039777,0.002257
-0.218684,0.089137,-0.074746,-0.000117,-0.038336,0.001094
-0.219286,0.088876,-0.065805,0.000481,-0.037009,-0.000205
-0.220083,0.088710,-0.057288,0.000896,-0.036431,-0.001044
-0.222291,0.088599,-0.048829,0.001186,-0.036359,-0.001099
-0.225717,0.088560,-0.040314,0.001132,-0.035610,-0.000789
-0.229446,0.088411,-0.032295,0.000521,-0.033229,-0.000627
-0.232302,0.088029,-0.025481,-0.000594,-0.029474,-0.000728
-0.233756,0.087694,-0.019712,-0.001921,-0.025375,-0.000938
-0.234357,0.087506,-0.014283,-0.003117,-0.021514,-0.001070
-0.234284,0.087281,-0.008892,-0.003995,-0.017855,-0.001127
-0.233421,0.087113,-0.003631,-0.004440,-0.014352,-0.001218
-0.232360,0.087109,0.001147,-0.004360,-0.011028,-0.001305
-0.231267,0.087058,0.004967,-0.003869,-0.007820,-0.001310
-0.229651,0.086791,0.007597,-0.003272,-0.004913,-0.001291
-0.227794,0.086407,0.009164,-0.002765,-0.002886,-0.001304
-0.226941,0.086077,0.010054,-0.002320,-0.002015,-0.001297
-0.227751,0.085766,0.010550,-0.001868,-0.001768,-0.001218
-0.229181,0.085376,0.010681,-0.001505,-0.001544,-0.001101
-0.229971,0.085094,0.010634,-0.001331,-0.001335,-0.000970
-0.230180,0.085047,0.010748,-0.001263,-0.001181,-0.000798
-0.230177,0.084969,0.010975,-0.001195,-0.000770,-0.000587
-0.229883,0.084668,0.010982,-0.001141,0.000023,-0.000392
-0.229392,0.084282,0.010701,-0.001129,0.000860,-0.000245
-0.229003,0.084004,0.010373,-0.001136,0.001416,-0.000137
-0.228708,0.083906,0.010207,-0.001120,0.001703,-0.000082
-0.228306,0.083901,0.010193,-0.001041,0.001880,-0.000101
-0.227839,0.083833,0.010196,-0.000883,0.002049,-0.000179
-0.227410,0.083675,0.010089,-0.000677,0.002218,-0.000320
-0.227071,0.083545,0.009708,-0.000447,0.002249,-0.000500
-0.227163,0.083531,0.008910,-0.000193,0.002004,-0.000613
-0.228005,0.083633,0.007800,0.000042,0.001631,-0.000571
-0.229295,0.083861,0.006646,0.000193,0.001406,-0.000402
-0.230467,0.084071,0.005579,0.000251,0.001442,-0.000186
-0.231179,0.083963,0.004523,0.000240,0.001708,0.000008
-0.231123,0.083503,0.003449,0.000136,0.002013,0.000138
-0.230285,0.082989,0.002641,-0.000084,0.002059,0.000197
-0.229132,0.082765,0.002487,-0.000362,0.001758,0.000199
-0.228057,0.083008,0.002982,-0.000572,0.001242,0.000124
-0.227359,0.083506,0.003672,-0.000648,0.000651,-0.000033
-0.227343,0.083924,0.004139,-0.000635,0.000118,-0.000211
-0.227910,0.084227,0.004267,-0.000573,-0.000265,-0.000325
-0.228701,0.084440,0.004100,-0.000444,-0.000476,-0.000333
-0.229429,0.084428,0.003700,-0.000279,-0.000510,-0.000267
-0.229784,0.084162,0.003124,-0.000164,-0.000433,-0.000179
-0.229689,0.083803,0.002525,-0.000143,-0.000392,-0.000090
-0.229403,0.083516,0.002193,-0.000198,-0.000437,-0.000014
-0.229246,0.083335,0.002251,-0.000273,-0.000491,0.000026
-0.229357,0.083192,0.002494,-0.000338,-0.000474,0.000012
-0.229533,0.083135,0.002748,-0.000416,-0.000388,-0.000049
-0.229580,0.083297,0.003038,-0.000495,-0.000326,-0.000118
-0.229646,0.083615,0.003426,-0.000502,-0.000334,-0.000155
-0.229884,0.083841,0.003879,-0.000418,-0.000347,-0.000143
-0.230176,0.083880,0.004239,-0.000310,-0.000313,-0.000075
-0.230281,0.083813,0.004351,-0.000251,-0.000242,0.000015
-0.230165,0.083713,0.004193,-0.000272,-0.000100,0.000101
-0.229871,0.083658,0.003705,-0.000345,0.000187,0.000179
-0.229230,0.083693,0.002810,-0.000416,0.000509,0.000231
-0.228456,0.083735,0.001785,-0.000478,0.000619,0.000253
-0.228136,0.083716,0.001160,-0.000558,0.000546,0.000246
-0.228212,0.083688,0.001137,-0.000637,0.000508,0.000182
-0.228229,0.083708,0.001411,-0.000653,0.000514,0.000052
-0.228184,0.083764,0.001607,-0.000593,0.000480,-0.000092
-0.228270,0.083835,0.001653,-0.000521,0.000417,-0.000201
-0.228559,0.083928,0.001664,-0.000509,0.000333,-0.000263
-0.229143,0.083998,0.001722,-0.000562,0.000249,-0.000290
-0.229966,0.083967,0.001790,-0.000636,0.000233,-0.000296
-0.230647,0.083853,0.001787,-0.000699,0.000291,-0.000271
-0.230892,0.083755,0.001745,-0.000725,0.000365,-0.000196
-0.230632,0.083779,0.001760,-0.000670,0.000417,-0.000098
-0.229975,0.083946,0.001832,-0.000516,0.000400,-0.000031
-0.229281,0.084112,0.001875,-0.000339,0.000286,-0.000003
-0.228750,0.084162,0.001811,-0.000246,0.000076,0.000000
-0.228442,0.084187,0.001701,-0.000250,-0.000212,-0.000013
-0.228524,0.084239,0.001628,-0.000277,-0.000464,-0.000036
-0.228808,0.084230,0.001530,-0.000292,-0.000598,-0.000075
-0.229036,0.084129,0.001372,-0.000305,-0.000680,-0.000117
-0.229393,0.083938,0.001230,-0.000324,-0.000702,-0.000134
-0.229859,0.083644,0.001092,-0.000353,-0.000560,-0.000122
-0.230078,0.083388,0.000962,-0.000396,-0.000304,-0.000111
-0.230036,0.083381,0.001018,-0.000426,-0.000080,-0.000089
-0.229848,0.083644,0.001291,-0.000407,0.000086,-0.000016
-0.229363,0.084035,0.001479,-0.000339,0.000197,0.000073
-0.228764,0.084331,0.001347,-0.000278,0.000228,0.000093
-0.228537,0.084371,0.001011,-0.000308,0.000245,0.000022
-0.228703,0.084228,0.000710,-0.000430,0.000290,-0.000098
-0.229029,0.084047,0.000529,-0.000542,0.000322,-0.000218
-0.229420,0.083801,0.000393,-0.000547,0.000411,-0.000310
-,-,-,-,-,-
-0.004367,0.001286,-0.000786,-0.000149,-0.000113,-0.000144
-0.024333,0.008113,-0.003801,-0.000115,0.000110,-0.000108
-0.066907,0.022658,-0.010283,-0.000036,0.000619,-0.000067
-0.123488,0.041945,-0.018983,0.000064,0.001321,-0.000060
-0.178362,0.060513,-0.027579,0.000145,0.002074,-0.000108
-0.219890,0.074361,-0.034310,0.000173,0.002832,-0.000227
-0.243775,0.082183,-0.038454,0.000187,0.003618,-0.000412
-0.252128,0.084784,-0.040351,0.000336,0.004603,-0.000627
-0.250362,0.083924,-0.040974,0.000767,0.006159,-0.000868
-0.243869,0.081479,-0.041456,0.001460,0.008449,-0.001167
-0.236446,0.078861,-0.042795,0.002214,0.011005,-0.001473
-0.230434,0.076817,-0.045443,0.002849,0.013144,-0.001680
-0.226888,0.075492,-0.049251,0.003331,0.014619,-0.001746
-0.225349,0.074596,-0.053839,0.003597,0.015403,-0.001685
-0.224434,0.073892,-0.058713,0.003460,0.015161,-0.001518
-0.223393,0.073452,-0.063289,0.002853,0.013461,-0.001276
-0.222755,0.073301,-0.067020,0.001985,0.010494,-0.001000
-0.223240,0.073239,-0.069568,0.001191,0.007234,-0.000744
-0.224619,0.073020,-0.071128,0.000693,0.004736,-0.000558
-0.226091,0.072610,-0.072261,0.000510,0.003526,-0.000452
-0.227194,0.072281,-0.073463,0.000580,0.003717,-0.000440
-0.227800,0.072264,-0.075052,0.000888,0.005215,-0.000586
-0.227877,0.072297,-0.077243,0.001330,0.007623,-0.000881
-0.227649,0.071868,-0.080157,0.001595,0.010353,-0.001222
-0.227313,0.070897,-0.083765,0.001380,0.012936,-0.001571
-0.226603,0.069856,-0.087837,0.000705,0.015070,-0.001895
-0.225131,0.069354,-0.091965,-0.000006,0.016567,-0.002057
-0.222811,0.069678,-0.095829,-0.000251,0.017415,-0.001891
-0.219855,0.070562,-0.099478,0.000186,0.017835,-0.001329
-0.216998,0.071591,-0.103256,0.001184,0.018302,-0.000491
-0.215266,0.072327,-0.107544,0.002447,0.019543,0.000467
-0.214809,0.072157,-0.112503,0.003594,0.022223,0.001457
-0.214424,0.070950,-0.118171,0.004280,0.026371,0.002280
-0.212305,0.069453,-0.124654,0.004388,0.031134,0.002649
-0.207426,0.068645,-0.132031,0.004076,0.035208,0.002541
-0.200560,0.068733,-0.140138,0.003598,0.037618,0.002266
-0.193298,0.069041,-0.148358,0.003078,0.038318,0.002015
-0.186241,0.069152,-0.155956,0.002608,0.037986,0.001543
-0.178875,0.069211,-0.162995,0.002457,0.037187,0.000595
-0.170733,0.069163,-0.170386,0.002857,0.036033,-0.000612
-0.162209,0.068630,-0.178596,0.003814,0.034631,-0.001657
-0.154121,0.067459,-0.187062,0.005148,0.033153,-0.002349
-0.146784,0.065897,-0.195195,0.006526,0.031556,-0.002670
-0.140077,0.064005,-0.202975,0.007588,0.029768,-0.002698
-0.134294,0.061442,-0.210466,0.008081,0.027974,-0.002681
-0.130021,0.058175,-0.217330,0.007891,0.026550,-0.002827
-0.126901,0.054734,-0.222918,0.007055,0.025751,-0.003045
-0.123535,0.051698,-0.226761,0.005787,0.025469,-0.003145
-0.119095,0.049220,-0.229122,0.004336,0.025397,-0.003084
-0.114247,0.047185,-0.230900,0.002726,0.025477,-0.002935
-0.109685,0.045996,-0.232570,0.001005,0.026078,-0.002963
-0.104581,0.046463,-0.233941,-0.000340,0.027391,-0.003497
-0.097691,0.048616,-0.235120,-0.000674,0.028856,-0.004413
-0.089062,0.051303,-0.236722,0.000282,0.029695,-0.005206
-0.079881,0.052888,-0.239226,0.002377,0.029681,-0.005588
-0.071486,0.052236,-0.242754,0.005136,0.029306,-0.005703
-0.064387,0.049335,-0.247108,0.008063,0.029572,-0.005958
-0.057492,0.044931,-0.251715,0.010915,0.031250,-0.006715
-0.049057,0.039540,-0.255962,0.013465,0.033986,-0.008024
-0.038731,0.033402,-0.259625,0.015168,0.036429,-0.009548
-0.027613,0.027386,-0.262534,0.015525,0.037289,-0.010715
-0.016872,0.022584,-0.264316,0.014702,0.036168,-0.011133
-0.007460,0.018990,-0.264894,0.013398,0.033578,-0.010905
-0.000066,0.015612,-0.264796,0.012048,0.030347,-0.010386
0.005371,0.011918,-0.264644,0.010530,0.027094,-0.009699
0.009510,0.008666,-0.264564,0.008792,0.024303,-0.008768
0.013185,0.006847,-0.264362,0.007347,0.022546,-0.007658
0.017427,0.006309,-0.263943,0.006889,0.022380,-0.006605
0.023348,0.005910,-0.263269,0.007643,0.023815,-0.005762
0.031460,0.004567,-0.262234,0.009163,0.025921,-0.005049
0.041335,0.002082,-0.260813,0.010685,0.027298,-0.004210
0.051949,-0.001016,-0.259183,0.011668,0.026957,-0.002938
0.061944,-0.004359,-0.257527,0.012034,0.024721,-0.001020
0.070056,-0.008223,-0.256066,0.011905,0.021122,0.001359
0.075913,-0.012913,-0.255086,0.011305,0.017049,0.003507
0.079991,-0.017855,-0.254552,0.010252,0.013273,0.004721
0.082607,-0.021803,-0.254072,0.008932,0.010161,0.004906
0.083889,-0.024298,-0.253524,0.007601,0.007804,0.004528
0.084614,-0.026363,-0.253155,0.006268,0.006040,0.004034
0.085370,-0.028962,-0.252987,0.004619,0.004348,0.003436
0.085816,-0.031540,-0.252872,0.002409,0.002279,0.002638
0.086124,-0.032994,-0.252742,-0.000293,-0.000298,0.001995
0.086765,-0.033301,-0.252644,-0.003428,-0.003624,0.001915
0.086691,-0.033444,-0.253053,-0.007225,-0.007995,0.002142
0.084701,-0.033429,-0.254324,-0.012048,-0.013477,0.002336
0.081122,-0.031431,-0.256075,-0.017974,-0.020095,0.002836
0.075948,-0.026228,-0.257680,-0.024421,-0.027476,0.003712
0.067767,-0.017873,-0.258657,-0.030181,-0.034279,0.004019
0.056126,-0.005920,-0.258949,-0.033772,-0.038714,0.003235
0.043411,0.008448,-0.258815,-0.034326,-0.040029,0.002374
0.032331,0.021436,-0.258435,-0.032531,-0.039325,0.002823
0.022206,0.031454,-0.258394,-0.029784,-0.037908,0.004726
0.011267,0.039685,-0.259245,-0.026609,-0.035498,0.006895
0.000889,0.046082,-0.260189,-0.023179,-0.031709,0.008067
-0.007065,0.050542,-0.260010,-0.020357,-0.027837,0.007992
-0.013469,0.054842,-0.258533,-0.018796,-0.025365,0.007292
-0.019225,0.059972,-0.256043,-0.018208,-0.024597,0.006614
-0.023590,0.065151,-0.252829,-0.018162,-0.025802,0.006294
-0.027413,0.069888,-0.249492,-0.018505,-0.029543,0.006512
-0.034048,0.074593,-0.246601,-0.018985,-0.034911,0.007140
-0.044848,0.079568,-0.244381,-0.019118,-0.039064,0.007609
-0.057310,0.084742,-0.242544,-0.018434,-0.039573,0.007406
-0.068655,0.090106,-0.240277,-0.016660,-0.036038,0.006469
-0.077992,0.095316,-0.237184,-0.013801,-0.029197,0.004971
-0.085101,0.099497,-0.233893,-0.010235,-0.019995,0.003118
-0.089577,0.101961,-0.231290,-0.006581,-0.009661,0.001162
-0.090955,0.102661,-0.229797,-0.003266,0.000452,-0.000661
-0.089181,0.102149,-0.229462,-0.000374,0.009336,-0.002220
-0.085221,0.101269,-0.229977,0.002213,0.016639,-0.003458
-0.080011,0.100380,-0.230816,0.004713,0.022628,-0.004441
-0.073135,0.098844,-0.231950,0.007128,0.027269,-0.005241
-0.064532,0.096004,-0.233857,0.009005,0.029702,-0.005659
-0.056026,0.092314,-0.236533,0.009983,0.029637,-0.005472
-0.049007,0.088668,-0.239341,0.010367,0.028365,-0.004964
-0.042472,0.085243,-0.242026,0.010665,0.027211,-0.004707
-0.035304,0.081688,-0.244896,0.010824,0.026060,-0.004857
-0.028402,0.078083,-0.247939,0.010503,0.024323,-0.005061
-0.022821,0.075003,-0.250648,0.009800,0.022204,-0.005020
-0.018230,0.072713,-0.252628,0.009206,0.020351,-0.004760
-0.013835,0.071214,-0.253683,0.009176,0.019054,-0.004352
-0.008801,0.070655,-0.253477,0.010233,0.018028,-0.003736
-0.002599,0.070379,-0.251951,0.013104,0.016579,-0.002946
0.003676,0.068312,-0.250173,0.017986,0.013940,-0.002091
0.007936,0.063207,-0.249538,0.024003,0.009784,-0.000910
0.009816,0.056437,-0.249833,0.030364,0.004476,0.001006
0.010182,0.048702,-0.250185,0.037289,-0.001045,0.003563
0.008976,0.037521,-0.251220,0.044493,-0.005949,0.006547
0.006888,0.021392,-0.253631,0.049784,-0.010889,0.010360
-,-,-,-,-,-
-0.004106,0.001358,0.000200,-0.000142,-0.000247,-0.000088
-0.022870,0.008526,0.001992,-0.000072,-0.000747,0.000179
-0.063193,0.023931,0.006059,0.000178,-0.001981,0.000628
-0.117736,0.044786,0.011656,0.000875,-0.003758,0.001078
-0.172131,0.065470,0.016690,0.002291,-0.005228,0.001367
-0.214726,0.081422,0.018873,0.004405,-0.005623,0.001415
-0.240399,0.090780,0.016826,0.006892,-0.004957,0.001324
-0.250544,0.094134,0.010813,0.009309,-0.003670,0.001315
-0.249956,0.093694,0.002495,0.011218,-0.002112,0.001491
-0.244082,0.092155,-0.006161,0.012425,-0.000533,0.001867
-0.237761,0.091135,-0.013834,0.013053,0.001016,0.002504
-0.233858,0.091027,-0.020231,0.013281,0.002908,0.003415
-0.232620,0.091791,-0.025902,0.013233,0.005706,0.004484
-0.232760,0.093296,-0.031585,0.013082,0.009696,0.005623
-0.233039,0.095434,-0.037602,0.013104,0.014864,0.006819
-0.232912,0.097893,-0.043782,0.013537,0.021146,0.007869
-0.232195,0.100136,-0.049925,0.014320,0.028258,0.008399
-0.230855,0.101943,-0.056664,0.015124,0.035592,0.008525
-0.228739,0.103302,-0.065095,0.015628,0.042475,0.008878
-0.225236,0.104041,-0.075283,0.015573,0.048140,0.009554
-0.220270,0.104411,-0.086832,0.014851,0.051962,0.010032
-0.214873,0.104823,-0.100217,0.013796,0.054535,0.010107
-0.209205,0.104759,-0.115636,0.012953,0.057931,0.009616
-0.201184,0.103664,-0.132011,0.012460,0.063823,0.007903
-0.188177,0.101969,-0.148331,0.012118,0.071672,0.004646
-0.169548,0.099913,-0.164394,0.011749,0.079175,0.000454
-0.147692,0.097510,-0.179482,0.011074,0.084098,-0.003923
-0.126099,0.095797,-0.191764,0.010039,0.085740,-0.008326
-0.106363,0.095630,-0.200143,0.009254,0.084702,-0.012811
-0.088858,0.096338,-0.205625,0.009404,0.081670,-0.017054
-0.075134,0.096546,-0.210359,0.010843,0.077574,-0.020421
-0.066002,0.094642,-0.216420,0.013560,0.073867,-0.022282
-0.058449,0.089321,-0.225183,0.016734,0.070949,-0.022054
-0.048428,0.080726,-0.236814,0.019152,0.067701,-0.019293
-0.034708,0.070263,-0.250014,0.020305,0.063203,-0.014213
-0.018041,0.059546,-0.262155,0.020512,0.057337,-0.007811
0.000099,0.049705,-0.270554,0.020300,0.050077,-0.001068
0.017575,0.041040,-0.274033,0.020061,0.041472,0.005549
0.032613,0.033646,-0.272784,0.020019,0.031918,0.011820
0.044183,0.028189,-0.267338,0.020228,0.021739,0.017919
0.050463,0.023910,-0.259031,0.020552,0.011101,0.024365
0.048903,0.017648,-0.250583,0.020650,0.000775,0.030398
0.039577,0.008261,-0.244048,0.020351,-0.007557,0.033569
0.026580,-0.001668,-0.239156,0.020017,-0.012345,0.032374
0.015205,-0.009571,-0.235161,0.020048,-0.013435,0.028139
0.010168,-0.013439,-0.233802,0.020611,-0.012124,0.023951
0.015293,-0.011571,-0.239225,0.022287,-0.011003,0.022775
0.026667,-0.007514,-0.252835,0.025874,-0.013159,0.025758
0.030280,-0.009628,-0.268962,0.030668,-0.018914,0.031514
0.019703,-0.021360,-0.279118,0.033785,-0.025095,0.038052
0.004562,-0.037047,-0.279185,0.032750,-0.029269,0.044124
-0.006158,-0.047702,-0.269664,0.028213,-0.031613,0.048055
-0.013635,-0.049087,-0.253210,0.022827,-0.032712,0.048112
-0.021343,-0.045699,-0.235481,0.018313,-0.032443,0.043784
-0.029386,-0.045400,-0.223416,0.014491,-0.031159,0.035693
-0.038695,-0.051283,-0.220252,0.010527,-0.029944,0.025649
-0.052844,-0.062502,-0.225156,0.006049,-0.028928,0.015852
-0.071794,-0.077405,-0.235557,0.000945,-0.027025,0.007451
-0.089273,-0.091926,-0.247271,-0.004768,-0.023939,0.001268
-0.099282,-0.101222,-0.255573,-0.010880,-0.020908,-0.001622
-0.101838,-0.105026,-0.258163,-0.018898,-0.019327,-0.001664
-0.099903,-0.105394,-0.255311,-0.032978,-0.019765,-0.001525
-0.095406,-0.098289,-0.246733,-0.055144,-0.022252,-0.003224
-0.092378,-0.076683,-0.231928,-0.081258,-0.026549,-0.005140
-0.096410,-0.041867,-0.213046,-0.105101,-0.031534,-0.003812
-0.105604,-0.000691,-0.192739,-0.123771,-0.036007,0.001806
-0.112526,0.044755,-0.170817,-0.136784,-0.041046,0.009850
-0.117431,0.095666,-0.147956,-0.142614,-0.049098,0.017879
-0.126555,0.148609,-0.128444,-0.137677,-0.060189,0.023805
-0.140021,0.193212,-0.113701,-0.119182,-0.070987,0.025999
-0.152855,0.219356,-0.100211,-0.089786,-0.078087,0.024309
-0.163181,0.226278,-0.085568,-0.057224,-0.080294,0.020453
-0.172047,0.220783,-0.070407,-0.029025,-0.077192,0.016375
-0.179691,0.210343,-0.056251,-0.009071,-0.067959,0.012769
-0.185367,0.200339,-0.044399,0.002512,-0.052272,0.009590
-0.187563,0.193166,-0.036139,0.007708,-0.031364,0.006835
-0.184862,0.189134,-0.032311,0.009089,-0.008055,0.004556
-0.177684,0.187950,-0.032754,0.009300,0.014305,0.002738
-0.167992,0.188549,-0.037098,0.010279,0.033023,0.001304
-0.157907,0.189388,-0.045264,0.012420,0.046534,0.000149
-0.149233,0.189309,-0.056865,0.014974,0.054420,-0.000900
-0.143374,0.187951,-0.070746,0.017194,0.057439,-0.002037
-0.139944,0.185457,-0.085571,0.018846,0.057072,-0.003345
-0.136690,0.181778,-0.100662,0.019740,0.054390,-0.004780
-0.132580,0.177073,-0.115599,0.019538,0.050059,-0.006117
-0.128601,0.172381,-0.129343,0.018271,0.045339,-0.007119
-0.125144,0.168944,-0.140688,0.016540,0.041733,-0.007858
-0.121327,0.166756,-0.149487,0.015038,0.039777,-0.008461
-0.116462,0.164491,-0.156851,0.013921,0.038900,-0.008771
-0.110383,0.161409,-0.163814,0.012918,0.038213,-0.008739
-0.103686,0.157947,-0.170547,0.011986,0.037165,-0.008725
-0.098264,0.154585,-0.177281,0.011354,0.035882,-0.009042
-0.095021,0.151612,-0.184140,0.011217,0.035272,-0.009760
-0.091851,0.149128,-0.190350,0.011793,0.036022,-0.010971
-0.086791,0.146430,-0.195584,0.013170,0.037277,-0.012442
-0.081199,0.142514,-0.200796,0.014983,0.037734,-0.013417
-0.076857,0.137776,-0.206472,0.016859,0.037692,-0.013628
-0.072437,0.133614,-0.211783,0.019073,0.038241,-0.013698
-0.065856,0.129642,-0.216423,0.022002,0.039110,-0.013976
-0.057574,0.123831,-0.221397,0.025165,0.039132,-0.014050
-0.049092,0.116095,-0.227018,0.027947,0.038229,-0.013699
-0.040687,0.107999,-0.232278,0.030787,0.037195,-0.013148
-0.032003,0.098933,-0.237071,0.034171,0.035815,-0.012200
-0.023198,0.087062,-0.242622,0.037098,0.032814,-0.010322
-0.015144,0.073165,-0.249238,0.038012,0.027626,-0.007648
-0.008992,0.059859,-0.255769,0.036535,0.021055,-0.004976
-0.005718,0.048350,-0.261323,0.033303,0.014436,-0.002899
-0.005535,0.038517,-0.265778,0.028933,0.008896,-0.001540
-0.007020,0.030694,-0.268804,0.023792,0.004870,-0.000761
-0.007997,0.025420,-0.269991,0.018119,0.001797,-0.000261
-0.008380,0.022979,-0.269597,0.012319,-0.000979,0.000190
-0.009678,0.023582,-0.268109,0.007484,-0.003025,0.000668
-0.011639,0.026468,-0.265697,0.004940,-0.003666,0.001374
-0.013174,0.029835,-0.262649,0.005233,-0.003086,0.002631
-0.014394,0.031860,-0.259714,0.008023,-0.001658,0.004560
-0.014814,0.030872,-0.257700,0.012350,0.000336,0.006922
-0.013241,0.025950,-0.256990,0.016862,0.002121,0.009211
-0.010289,0.017756,-0.257713,0.020254,0.002847,0.010945
-0.007816,0.007823,-0.260000,0.021628,0.002415,0.011857
-0.006484,-0.002261,-0.263513,0.020679,0.001366,0.011903
-0.005742,-0.010822,-0.267132,0.017792,0.000249,0.011233
-0.005078,-0.016649,-0.269478,0.014046,-0.000629,0.010151
-0.004276,-0.019831,-0.269821,0.010722,-0.001291,0.009026
-0.003437,-0.021301,-0.268493,0.008554,-0.002118,0.008200
-0.003290,-0.022067,-0.266545,0.007582,-0.003299,0.007732
-0.004171,-0.023084,-0.264855,0.007439,-0.004571,0.007356
-0.005019,-0.024795,-0.263517,0.007504,-0.006143,0.006999
-0.005421,-0.027086,-0.262535,0.007117,-0.008591,0.006823
-,-,-,-,-,-
-0.000848,0.003693,-0.003018,0.000221,0.000064,-0.000125
-0.004136,0.021567,-0.017096,0.002092,0.001077,-0.000025
-0.011332,0.058399,-0.048477,0.006038,0.003225,0.000021
-0.021219,0.105520,-0.092073,0.010764,0.006234,-0.000228
-0.030819,0.150546,-0.136474,0.014927,0.009393,-0.000795
-0.037985,0.184505,-0.172960,0.018989,0.011614,-0.001453
-0.042615,0.201057,-0.196867,0.022989,0.012673,-0.002180
-0.045001,0.200073,-0.207365,0.024832,0.014404,-0.003238
-0.044610,0.189338,-0.208657,0.023160,0.019012,-0.004561
-0.040918,0.177841,-0.206856,0.019732,0.027014,-0.005556
-0.035492,0.168853,-0.206747,0.017616,0.037652,-0.005973
-0.031724,0.159155,-0.209546,0.017192,0.050692,-0.007116
-0.028315,0.145457,-0.210903,0.014767,0.065795,-0.010980
-0.017271,0.131801,-0.206174,0.006577,0.078294,-0.017047
0.005471,0.126217,-0.196058,-0.007384,0.079825,-0.022191
0.032173,0.132383,-0.185266,-0.023673,0.066970,-0.024124
0.051231,0.148723,-0.178121,-0.037352,0.046086,-0.022692
0.060329,0.170719,-0.174329,-0.044702,0.026744,-0.018823
0.065605,0.192548,-0.170090,-0.045428,0.012563,-0.013711
0.069978,0.210476,-0.162963,-0.041706,0.001105,-0.008454
0.071144,0.223982,-0.153426,-0.035330,-0.010057,-0.003719
0.068561,0.232627,-0.143751,-0.027033,-0.021279,0.000317
0.064694,0.235226,-0.136441,-0.017920,-0.033009,0.003552
0.060400,0.233255,-0.132228,-0.009371,-0.046063,0.005494
0.053373,0.230288,-0.130639,-0.001562,-0.059627,0.005456
0.041046,0.226019,-0.133087,0.005624,-0.071222,0.003602
0.023975,0.218451,-0.140919,0.010919,-0.079003,0.000918
0.007159,0.211114,-0.150217,0.013521,-0.083979,-0.002183
-0.005602,0.206894,-0.154784,0.014294,-0.089885,-0.005395
-0.018058,0.201519,-0.153262,0.013253,-0.098876,-0.007473
-0.036075,0.192914,-0.147886,0.009493,-0.108258,-0.007787
-0.059925,0.186257,-0.139143,0.003981,-0.113779,-0.007294
-0.086855,0.185278,-0.126617,-0.000753,-0.113503,-0.006936
-0.115081,0.187790,-0.112159,-0.003265,-0.106677,-0.006722
-0.140801,0.190624,-0.098841,-0.003720,-0.092407,-0.006721
-0.157733,0.192919,-0.088339,-0.002635,-0.071787,-0.007672
-0.163597,0.194179,-0.080847,-0.000477,-0.049161,-0.009869
-0.162248,0.193496,-0.076257,0.001907,-0.029518,-0.012463
-0.158439,0.190961,-0.074369,0.003674,-0.015443,-0.014731
-0.154798,0.187454,-0.074954,0.004741,-0.006918,-0.016863
-0.153433,0.183726,-0.077418,0.005609,-0.002629,-0.019217
-0.155444,0.180073,-0.080499,0.006755,-0.000886,-0.022022
-0.159988,0.175973,-0.083487,0.008321,-0.000314,-0.025434
-0.166153,0.170510,-0.086472,0.009976,-0.000430,-0.029128
-0.172549,0.163454,-0.088892,0.011044,-0.001422,-0.032604
-0.177682,0.154937,-0.090282,0.011115,-0.003281,-0.035696
-0.182409,0.144656,-0.091135,0.010248,-0.005404,-0.038277
-0.187415,0.133300,-0.091465,0.008538,-0.007140,-0.040126
-0.192160,0.122570,-0.091075,0.006102,-0.008593,-0.040676
-0.197303,0.112773,-0.089881,0.002992,-0.010821,-0.038698
-0.202708,0.104069,-0.087088,-0.001166,-0.015206,-0.033353
-0.206799,0.098146,-0.082040,-0.006579,-0.022167,-0.025281
-0.209867,0.096300,-0.074335,-0.012360,-0.030114,-0.016199
-0.213570,0.098391,-0.063434,-0.016686,-0.036182,-0.007882
-0.217867,0.102702,-0.050211,-0.018169,-0.038707,-0.001359
-0.221164,0.106475,-0.037113,-0.017155,-0.038736,0.003287
-0.222734,0.108278,-0.025724,-0.015041,-0.038521,0.006443
-0.223257,0.108858,-0.015535,-0.012672,-0.039153,0.008520
-0.222916,0.109553,-0.005063,-0.010190,-0.040316,0.009962
-0.220466,0.110969,0.006115,-0.007682,-0.041765,0.011201
-0.215329,0.113094,0.017364,-0.005373,-0.044155,0.012457
-0.209019,0.116307,0.029248,-0.003359,-0.047919,0.013582
-0.202073,0.120918,0.042640,-0.001255,-0.052802,0.014257
-0.192936,0.125936,0.056849,0.001403,-0.059336,0.014425
-0.183267,0.130348,0.072150,0.004525,-0.067636,0.014066
-0.177921,0.134250,0.089995,0.007615,-0.074377,0.012899
-0.177365,0.137628,0.108917,0.010094,-0.074647,0.010780
-0.176677,0.140057,0.124475,0.011440,-0.066859,0.007998
-0.172366,0.141707,0.133577,0.011552,-0.053723,0.005183
-0.166000,0.143255,0.137033,0.010828,-0.038622,0.002895
-0.160847,0.145046,0.137697,0.009605,-0.022522,0.001096
-0.158362,0.146999,0.137150,0.007995,-0.004587,-0.000709
-0.158945,0.149068,0.135172,0.006249,0.015752,-0.002940
-0.162935,0.150719,0.131071,0.004624,0.038308,-0.005713
-0.169969,0.150379,0.123601,0.002980,0.062463,-0.008714
-0.178629,0.147117,0.110687,0.001033,0.086571,-0.011207
-0.186799,0.142026,0.090624,-0.001040,0.107149,-0.012269
-0.192761,0.137087,0.063743,-0.002489,0.119981,-0.011245
-0.196271,0.134057,0.033033,-0.002446,0.122955,-0.008293
-0.198044,0.133514,0.002857,-0.000624,0.117482,-0.004442
-0.198543,0.134249,-0.023485,0.002306,0.107340,-0.001093
-0.197984,0.134794,-0.045336,0.005265,0.096776,0.000711
-0.196615,0.134760,-0.063893,0.007586,0.089141,0.000749
-0.193941,0.134502,-0.080554,0.009329,0.086025,-0.000683
-0.188189,0.134061,-0.096887,0.011063,0.086553,-0.003087
-0.177878,0.132569,-0.114832,0.013316,0.087747,-0.005634
-0.164141,0.129221,-0.135111,0.016201,0.087159,-0.007686
-0.149695,0.124336,-0.156188,0.019576,0.085124,-0.009471
-0.135526,0.118734,-0.175812,0.023360,0.083199,-0.011379
-0.120838,0.112342,-0.193093,0.027442,0.081554,-0.012968
-0.105372,0.104405,-0.208353,0.031293,0.079239,-0.013534
-0.089377,0.095079,-0.221525,0.034119,0.075661,-0.013113
-0.072656,0.085352,-0.232022,0.035489,0.070520,-0.011993
-0.055961,0.075700,-0.239975,0.035481,0.063487,-0.009892
-0.041791,0.065941,-0.246352,0.034433,0.055187,-0.006573
-0.031430,0.055807,-0.251909,0.032557,0.047491,-0.002699
-0.022548,0.045885,-0.256578,0.029835,0.041817,0.000751
-0.012408,0.037185,-0.259931,0.026527,0.038131,0.003350
-0.001462,0.029245,-0.262004,0.023065,0.035999,0.004871
0.009133,0.021448,-0.262989,0.019354,0.035238,0.004768
0.019771,0.014916,-0.262890,0.015059,0.035286,0.002714
0.030087,0.010470,-0.262358,0.010131,0.035470,-0.000781
0.039088,0.007479,-0.262439,0.004653,0.035920,-0.004784
0.047785,0.005681,-0.262952,-0.001130,0.036932,-0.008742
0.058276,0.006091,-0.262578,-0.006928,0.037696,-0.012425
0.070912,0.009666,-0.260533,-0.012673,0.036674,-0.015231
0.083493,0.015681,-0.257166,-0.018301,0.033097,-0.016577
0.093304,0.022801,-0.253165,-0.023647,0.027622,-0.016869
0.099943,0.031360,-0.248565,-0.028316,0.021230,-0.016861
0.104572,0.042081,-0.243327,-0.031597,0.014237,-0.016550
0.107175,0.053462,-0.238480,-0.033145,0.006898,-0.015734
0.107363,0.063856,-0.234881,-0.033343,-0.000220,-0.014748
0.106204,0.074183,-0.231796,-0.032568,-0.007085,-0.013894
0.103804,0.085424,-0.228265,-0.030856,-0.014356,-0.012956
0.097773,0.096575,-0.224892,-0.028263,-0.021881,-0.011642
0.087662,0.106511,-0.222963,-0.024913,-0.028209,-0.009951
0.076578,0.114794,-0.222416,-0.021084,-0.032543,-0.008134
0.066223,0.120694,-0.222343,-0.017381,-0.035561,-0.006459
0.054725,0.124269,-0.222835,-0.014164,-0.037304,-0.005035
0.040422,0.127208,-0.224465,-0.010825,-0.035821,-0.004174
0.025006,0.129981,-0.227312,-0.006518,-0.029309,-0.004102
0.011575,0.130793,-0.231374,-0.001625,-0.018318,-0.004113
0.002480,0.129039,-0.235916,0.002634,-0.004896,-0.003396
0.000060,0.126087,-0.239271,0.005566,0.008620,-0.002137
0.005188,0.122644,-0.240644,0.006969,0.019716,-0.000775
0.015425,0.119046,-0.240407,0.006651,0.026667,0.000750
0.027246,0.116584,-0.238940,0.004877,0.029668,0.002639
0.038800,0.116068,-0.236695,0.002676,0.030470,0.004823
-,-,-,-,-,-
-0.003153,0.001703,-0.003228,-0.000148,0.000277,-0.000132
-0.017346,0.010494,-0.017865,-0.000019,0.002401,0.000021
-0.047209,0.029080,-0.049517,0.000485,0.007152,0.000432
-0.085660,0.053545,-0.092634,0.001428,0.013830,0.001010
-0.121014,0.077293,-0.135925,0.002578,0.020732,0.001373
-0.145710,0.095504,-0.170691,0.003911,0.026675,0.001127
-0.157550,0.105849,-0.193982,0.005739,0.031720,0.000151
-0.157399,0.108374,-0.207380,0.008167,0.036412,-0.001344
-0.147583,0.104985,-0.214246,0.010783,0.040687,-0.002850
-0.131770,0.098330,-0.217711,0.012936,0.043894,-0.003748
-0.113863,0.090879,-0.219888,0.014225,0.045434,-0.003763
-0.096823,0.084397,-0.222021,0.014700,0.045233,-0.003277
-0.082970,0.079389,-0.224725,0.014585,0.043816,-0.002962
-0.073384,0.075422,-0.228263,0.014165,0.042117,-0.003287
-0.066890,0.072082,-0.232731,0.013862,0.040990,-0.004609
-0.061204,0.068947,-0.237907,0.014085,0.040755,-0.007270
-0.054370,0.065113,-0.243284,0.014928,0.041232,-0.011193
-0.044879,0.059697,-0.248390,0.015855,0.041658,-0.015742
-0.032668,0.053184,-0.252837,0.015950,0.040691,-0.019870
-0.020003,0.047474,-0.256190,0.014925,0.037506,-0.022483
-0.009399,0.043531,-0.258337,0.013429,0.032769,-0.023218
-0.001506,0.040175,-0.259771,0.012011,0.027748,-0.022747
0.003896,0.036501,-0.261053,0.010553,0.022932,-0.022101
0.005949,0.033665,-0.262573,0.009031,0.018311,-0.021734
0.003054,0.032760,-0.265119,0.007810,0.014330,-0.021095
-0.005247,0.032535,-0.269756,0.006732,0.012035,-0.019186
-0.016309,0.031101,-0.276342,0.004830,0.012553,-0.015642
-0.023906,0.028670,-0.282582,0.001382,0.015929,-0.011010
-0.022743,0.026661,-0.285871,-0.003475,0.020507,-0.006007
-0.013147,0.026015,-0.285405,-0.009203,0.024186,-0.000968
0.001016,0.027523,-0.281848,-0.015126,0.025927,0.003969
0.016692,0.031544,-0.276232,-0.020434,0.025857,0.008487
0.031953,0.037249,-0.269568,-0.024562,0.024650,0.011926
0.045170,0.043456,-0.262641,-0.027443,0.023095,0.013602
0.056681,0.049890,-0.255569,-0.029258,0.021533,0.013266
0.068097,0.057013,-0.248138,-0.030132,0.019374,0.011133
0.078830,0.065159,-0.240672,-0.030036,0.015928,0.007719
0.086675,0.074047,-0.233860,-0.028923,0.011515,0.003768
0.091139,0.082863,-0.227940,-0.026908,0.006946,0.000034
0.093082,0.090795,-0.222890,-0.024258,0.002629,-0.003015
0.092422,0.097622,-0.219093,-0.021319,-0.001140,-0.005191
0.090033,0.103448,-0.216663,-0.018542,-0.004210,-0.006468
0.088879,0.107707,-0.214895,-0.016757,-0.007957,-0.007044
0.088695,0.110389,-0.213351,-0.016905,-0.014725,-0.007369
0.084871,0.113588,-0.212533,-0.018764,-0.024486,-0.007807
0.075467,0.118917,-0.213113,-0.020878,-0.034578,-0.008246
0.063410,0.125250,-0.214936,-0.022234,-0.043275,-0.008431
0.051732,0.131164,-0.216987,-0.022912,-0.051200,-0.008548
0.040361,0.137047,-0.218443,-0.023213,-0.059550,-0.008801
0.027087,0.143397,-0.218857,-0.023085,-0.068317,-0.009078
0.010460,0.149165,-0.217259,-0.022405,-0.076539,-0.009335
-0.009682,0.153356,-0.212637,-0.021584,-0.083833,-0.009283
-0.033584,0.157277,-0.204800,-0.021075,-0.089996,-0.008355
-0.060239,0.162795,-0.194086,-0.020006,-0.093169,-0.006812
-0.085654,0.168707,-0.181512,-0.016748,-0.091265,-0.005687
-0.105597,0.171652,-0.168558,-0.011339,-0.085378,-0.005464
-0.120009,0.170260,-0.155801,-0.005873,-0.078994,-0.005874
-0.133125,0.166187,-0.143062,-0.002285,-0.073962,-0.006292
-0.148385,0.161976,-0.130948,-0.000977,-0.068955,-0.005857
-0.164649,0.159321,-0.120675,-0.001194,-0.061035,-0.004377
-0.178906,0.158812,-0.113070,-0.001721,-0.047692,-0.002550
-0.189228,0.160280,-0.108612,-0.001404,-0.028004,-0.001032
-0.193266,0.162639,-0.107459,0.000419,-0.003181,-0.000425
-0.188264,0.164460,-0.109542,0.003668,0.023030,-0.001230
-0.174881,0.165066,-0.114915,0.007599,0.045315,-0.002986
-0.158231,0.164338,-0.123162,0.011111,0.059604,-0.004602
-0.143611,0.162357,-0.133082,0.013288,0.065253,-0.005515
-0.133223,0.159572,-0.143675,0.013949,0.064733,-0.005654
-0.126773,0.156601,-0.154457,0.013715,0.061721,-0.004899
-0.122431,0.153346,-0.165235,0.013435,0.059266,-0.003369
-0.117510,0.149026,-0.176217,0.013356,0.058788,-0.001662
-0.109842,0.143844,-0.187317,0.013103,0.060121,-0.000466
-0.098752,0.139102,-0.197715,0.012416,0.062309,-0.000152
-0.085476,0.135482,-0.206802,0.011343,0.064543,-0.000585
-0.072512,0.132706,-0.214554,0.009968,0.067168,-0.001305
-0.060120,0.130911,-0.220385,0.008545,0.071365,-0.001812
-0.044070,0.130619,-0.222974,0.007491,0.076589,-0.001589
-0.020326,0.131123,-0.222240,0.006887,0.079244,-0.000334
0.008549,0.130694,-0.220473,0.006279,0.075591,0.001661
0.034810,0.128562,-0.220423,0.005130,0.065580,0.003696
0.053045,0.125817,-0.222546,0.003420,0.052759,0.005142
0.063651,0.123922,-0.225061,0.001757,0.041031,0.005715
0.069727,0.122863,-0.226375,0.000719,0.032412,0.005498
0.073984,0.121810,-0.226140,0.000265,0.027067,0.004735
0.078503,0.120815,-0.224427,-0.000063,0.024066,0.003668
0.084393,0.120668,-0.221336,-0.000563,0.022031,0.002482
0.091061,0.121397,-0.217542,-0.001079,0.020007,0.001213
0.096997,0.122131,-0.214163,-0.001296,0.017949,-0.000180
0.101435,0.122815,-0.211689,-0.001102,0.016224,-0.001559
0.104598,0.124229,-0.209743,-0.000482,0.014861,-0.002544
0.106673,0.125975,-0.208190,0.000489,0.013550,-0.002805
0.107777,0.126432,-0.207556,0.001485,0.012211,-0.002483
0.108508,0.125010,-0.207904,0.002084,0.011065,-0.002141
0.109481,0.123070,-0.208499,0.002089,0.010198,-0.002101
0.110703,0.122131,-0.208791,0.001572,0.009418,-0.002142
0.112008,0.122293,-0.208695,0.000754,0.008527,-0.001993
0.113376,0.123033,-0.208159,-0.000050,0.007563,-0.001678
0.114380,0.124355,-0.207143,-0.000536,0.006714,-0.001164
0.114641,0.126058,-0.205792,-0.000651,0.006011,-0.000161
0.114905,0.126792,-0.204332,-0.000701,0.005199,0.001242
0.116184,0.125700,-0.203052,-0.000986,0.004010,0.002247
0.118200,0.124187,-0.202184,-0.001453,0.002432,0.002317
0.119982,0.124013,-0.201665,-0.001851,0.000589,0.001896
0.121303,0.124693,-0.201417,-0.002062,-0.001426,0.001619
0.122398,0.124695,-0.201455,-0.002163,-0.003511,0.001412
0.123037,0.124044,-0.201578,-0.002272,-0.005628,0.000877
0.122711,0.123954,-0.201442,-0.002463,-0.008033,0.000077
0.121129,0.124814,-0.201103,-0.002858,-0.011188,-0.000516
0.118289,0.126079,-0.201219,-0.003565,-0.015153,-0.000650
0.114890,0.127553,-0.202207,-0.004344,-0.019286,-0.000558
0.111769,0.129130,-0.203613,-0.004759,-0.023039,-0.000643
0.108473,0.130338,-0.205026,-0.004855,-0.026648,-0.001044
0.103696,0.131394,-0.206890,-0.004993,-0.030362,-0.001561
0.096688,0.132860,-0.209565,-0.005102,-0.033569,-0.001988
0.087993,0.134453,-0.212583,-0.004858,-0.035536,-0.002250
0.079036,0.135570,-0.215281,-0.004224,-0.036447,-0.002338
0.070287,0.135995,-0.217421,-0.003409,-0.036975,-0.002371
0.060623,0.135846,-0.219325,-0.002679,-0.037314,-0.002407
0.049312,0.135533,-0.221555,-0.002138,-0.036949,-0.002369
0.037607,0.135500,-0.224128,-0.001602,-0.035376,-0.002430
0.027548,0.135805,-0.226320,-0.001090,-0.033306,-0.002832
0.019301,0.136476,-0.227515,-0.001072,-0.032462,-0.003241
0.011232,0.137787,-0.227614,-0.001809,-0.033720,-0.003120
0.002996,0.139676,-0.226577,-0.002978,-0.036691,-0.002521
-0.004549,0.141570,-0.224465,-0.004248,-0.041226,-0.001729
-0.012621,0.142919,-0.221685,-0.005678,-0.047295,-0.000713
-0.023877,0.143677,-0.218713,-0.007215,-0.053214,0.000495
-0.038898,0.144337,-0.215841,-0.008309,-0.055868,0.001542
-,-,-,-,-,-
-0.000954,0.001953,-0.004264,-0.000144,0.000132,-0.000154
-0.004879,0.012028,-0.023917,-0.000057,0.001505,-0.000170
-0.013604,0.033561,-0.066281,0.000200,0.004538,-0.000236
-0.025395,0.062018,-0.123117,0.000575,0.008799,-0.000355
-0.036009,0.089434,-0.178423,0.000859,0.013096,-0.000524
-0.042203,0.110238,-0.220282,0.000934,0.016196,-0.000695
-0.044005,0.122132,-0.244780,0.000826,0.017783,-0.000713
-0.043233,0.125738,-0.254209,0.000657,0.018913,-0.000620
-0.040595,0.123898,-0.253340,0.000674,0.020905,-0.000807
-0.035549,0.119816,-0.247182,0.000990,0.023760,-0.001417
-0.028326,0.115552,-0.240207,0.001286,0.026297,-0.002023
-0.020140,0.112156,-0.235472,0.001093,0.027677,-0.002181
-0.011445,0.110290,-0.233973,0.000312,0.028072,-0.001890
-0.001994,0.109993,-0.235168,-0.000722,0.027926,-0.001487
0.007162,0.110525,-0.238055,-0.001674,0.027479,-0.001268
0.014236,0.111318,-0.241411,-0.002412,0.027238,-0.001261
0.019647,0.112482,-0.243685,-0.002804,0.027793,-0.001368
0.025461,0.114020,-0.243949,-0.002738,0.028920,-0.001520
0.032171,0.115499,-0.242743,-0.002313,0.029977,-0.001620
0.038637,0.116462,-0.241058,-0.001715,0.031043,-0.001609
0.044698,0.116722,-0.238862,-0.001067,0.032554,-0.001641
0.051667,0.116687,-0.235579,-0.000465,0.034114,-0.001914
0.060070,0.117001,-0.231483,-0.000002,0.034756,-0.002345
0.068759,0.117558,-0.227535,0.000272,0.034095,-0.002718
0.076716,0.117869,-0.224166,0.000325,0.032398,-0.002936
0.084081,0.118181,-0.220976,0.000132,0.029714,-0.002924
0.091042,0.119031,-0.217551,-0.000320,0.025577,-0.002523
0.097169,0.120164,-0.214134,-0.000991,0.019764,-0.001669
0.101878,0.120877,-0.211274,-0.001708,0.012919,-0.000584
0.104558,0.121049,-0.209215,-0.002348,0.005969,0.000426
0.104625,0.121148,-0.208402,-0.002923,-0.000150,0.001300
0.102160,0.121410,-0.209744,-0.003255,-0.003788,0.002126
0.098717,0.121451,-0.212892,-0.002923,-0.003055,0.002806
0.096925,0.120880,-0.215608,-0.001608,0.002413,0.003075
0.098566,0.119798,-0.215905,0.000530,0.010707,0.002816
0.103736,0.118469,-0.213518,0.002835,0.018774,0.002170
0.111751,0.117370,-0.209234,0.004656,0.024039,0.001375
0.121355,0.117033,-0.204007,0.005577,0.024976,0.000769
0.130590,0.117208,-0.198828,0.005266,0.020985,0.000748
0.137724,0.117111,-0.194679,0.003649,0.012403,0.001394
0.141582,0.116666,-0.192463,0.001309,0.000852,0.002333
0.141651,0.116718,-0.192380,-0.000683,-0.011095,0.003238
0.138658,0.117667,-0.193238,-0.001689,-0.022025,0.004397
0.133033,0.118900,-0.194510,-0.001900,-0.032580,0.006409
0.124045,0.120300,-0.197708,-0.001495,-0.043103,0.009408
0.112764,0.123002,-0.202736,-0.000017,-0.053194,0.013135
0.100518,0.126628,-0.207304,0.003477,-0.063033,0.017316
0.084259,0.126447,-0.211237,0.010171,-0.071213,0.021035
0.062725,0.117750,-0.215736,0.020299,-0.074798,0.022609
0.042827,0.102020,-0.220472,0.031783,-0.074955,0.021016
0.031689,0.082118,-0.224033,0.040663,-0.078595,0.016954
0.026096,0.056556,-0.225519,0.042429,-0.091823,0.012081
0.011788,0.028103,-0.225652,0.034485,-0.112243,0.007083
-0.023063,0.007917,-0.224933,0.018953,-0.129358,0.001292
-0.072631,0.003550,-0.221417,0.001223,-0.134674,-0.005239
-0.120206,0.013068,-0.211707,-0.014371,-0.129905,-0.010520
-0.156725,0.030577,-0.193230,-0.025905,-0.123074,-0.012260
-0.183717,0.050280,-0.166356,-0.032582,-0.119140,-0.010261
-0.204719,0.067635,-0.134554,-0.034336,-0.116789,-0.006504
-0.222200,0.079995,-0.102314,-0.031829,-0.111711,-0.003241
-0.237781,0.086347,-0.073363,-0.025837,-0.100159,-0.001945
-0.250331,0.087256,-0.050259,-0.017376,-0.080925,-0.003053
-0.257397,0.084955,-0.034546,-0.008044,-0.056058,-0.005730
-0.257922,0.081520,-0.026582,0.000625,-0.030017,-0.008499
-0.250942,0.077068,-0.025400,0.007624,-0.008486,-0.010016
-0.236358,0.070877,-0.029057,0.012191,0.003389,-0.009512
-0.218723,0.063715,-0.035888,0.014082,0.003870,-0.007162
-0.206214,0.057498,-0.043662,0.014086,-0.003498,-0.004387
-0.205117,0.053054,-0.047098,0.012925,-0.010853,-0.004082
-0.214914,0.051636,-0.047746,0.010863,-0.009971,-0.008873
-0.228856,0.054613,-0.058430,0.009200,0.002902,-0.018158
-0.239924,0.057833,-0.080657,0.009426,0.025419,-0.028317
-0.243874,0.054320,-0.101186,0.010951,0.051140,-0.035540
-0.239449,0.042465,-0.114078,0.011341,0.073001,-0.037827
-0.227908,0.024936,-0.122099,0.008625,0.087215,-0.035379
-0.211278,0.004457,-0.127014,0.002303,0.094343,-0.029699
-0.193190,-0.016290,-0.129043,-0.008648,0.096463,-0.021980
-0.179280,-0.030522,-0.132085,-0.024952,0.095963,-0.013117
-0.173439,-0.027179,-0.141731,-0.042008,0.095239,-0.005532
-0.173409,-0.004206,-0.155691,-0.050845,0.093033,-0.002014
-0.172543,0.027183,-0.170301,-0.046184,0.085487,-0.002472
-0.166496,0.052199,-0.188358,-0.031276,0.071965,-0.004374
-0.154476,0.060976,-0.209109,-0.013893,0.054526,-0.005929
-0.137467,0.056106,-0.227383,0.001092,0.035354,-0.006941
-0.118989,0.048328,-0.241873,0.012615,0.017092,-0.006733
-0.104403,0.045030,-0.253414,0.020282,0.001904,-0.003942
-0.097179,0.045159,-0.262702,0.024008,-0.009083,0.000944
-0.096404,0.041323,-0.270028,0.023770,-0.014623,0.005425
-0.099283,0.029979,-0.272716,0.019257,-0.014084,0.008087
-0.103701,0.016829,-0.268128,0.011434,-0.009009,0.009570
-0.107464,0.009693,-0.257952,0.002789,-0.002239,0.010689
-0.107916,0.011373,-0.246639,-0.004128,0.003753,0.011319
-0.103966,0.018744,-0.238869,-0.008067,0.007388,0.010823
-0.098152,0.026037,-0.236310,-0.009537,0.008108,0.009247
-0.093791,0.029794,-0.236613,-0.009616,0.006411,0.007354
-0.091237,0.029778,-0.237530,-0.009013,0.003844,0.005493
-0.090094,0.025689,-0.238987,-0.008649,0.002842,0.003796
-0.090891,0.019293,-0.240854,-0.009950,0.005518,0.002776
-0.091855,0.018486,-0.241425,-0.013371,0.011996,0.002616
-0.089514,0.029293,-0.239121,-0.017408,0.020746,0.003053
-0.084128,0.047089,-0.233494,-0.020381,0.031270,0.004519
-0.079289,0.060402,-0.224542,-0.022743,0.046213,0.007688
-0.072757,0.056043,-0.211079,-0.024245,0.065417,0.012088
-0.056271,0.028277,-0.191766,-0.019408,0.078456,0.016954
-0.031397,-0.006303,-0.177177,-0.004812,0.075476,0.021472
-0.010379,-0.020624,-0.185885,0.012717,0.059399,0.023393
0.000463,-0.006500,-0.216656,0.024277,0.038694,0.020588
0.003573,0.023660,-0.248077,0.028528,0.019333,0.013866
0.003426,0.052538,-0.264165,0.030305,0.004680,0.006243
0.004897,0.068628,-0.264476,0.033303,-0.003316,0.000228
0.012275,0.071461,-0.258434,0.035470,-0.004106,-0.003266
0.024756,0.066175,-0.253907,0.033505,-0.000469,-0.004370
0.035773,0.056703,-0.250069,0.027438,0.003388,-0.003834
0.039724,0.045539,-0.244464,0.019167,0.005512,-0.002625
0.036079,0.033829,-0.240006,0.010857,0.005727,-0.001382
0.027734,0.022376,-0.240401,0.004175,0.004498,-0.000408
0.018454,0.012760,-0.245470,-0.000169,0.002651,0.000174
0.011041,0.006216,-0.252650,-0.002229,0.000900,0.000388
0.006656,0.002880,-0.259443,-0.002575,-0.000339,0.000347
0.005131,0.002093,-0.264369,-0.001952,-0.000967,0.000183
0.005560,0.002865,-0.267006,-0.001018,-0.001093,0.000005
0.006863,0.004230,-0.267672,-0.000208,-0.000913,-0.000126
0.008219,0.005476,-0.267080,0.000287,-0.000620,-0.000191
0.009217,0.006244,-0.265992,0.000460,-0.000351,-0.000200
0.009756,0.006502,-0.264988,0.000402,-0.000176,-0.000178
0.009881,0.006414,-0.264347,0.000230,-0.000108,-0.000146
0.009714,0.006172,-0.264077,0.000046,-0.000117,-0.000119
0.009413,0.005934,-0.264069,-0.000090,-0.000162,-0.000102
-,-,-,-,-,-
0.000019,-0.000047,-0.004940,-0.000154,-0.000157,-0.000153
0.000852,0.000462,-0.027720,-0.000150,-0.000165,-0.000147
0.002633,0.001551,-0.076516,-0.000137,-0.000181,-0.000138
0.004979,0.002992,-0.141563,-0.000115,-0.000203,-0.000129
0.007205,0.004367,-0.204642,-0.000091,-0.000221,-0.000122
0.008858,0.005383,-0.252276,-0.000070,-0.000231,-0.000115
0.009883,0.005979,-0.279604,-0.000057,-0.000238,-0.000129
0.010836,0.006365,-0.288945,-0.000050,-0.000246,-0.000313
0.012516,0.006965,-0.286361,-0.000048,-0.000259,-0.000994
0.015297,0.007971,-0.278646,-0.000066,-0.000362,-0.002422
0.019337,0.009239,-0.270807,-0.000124,-0.000932,-0.004212
0.023472,0.010303,-0.265687,-0.000202,-0.002874,-0.005225
0.023986,0.010364,-0.265740,-0.000243,-0.007763,-0.004745
0.017353,0.008791,-0.270822,-0.000193,-0.017046,-0.003082
0.003577,0.005001,-0.276621,-0.000066,-0.030339,-0.000983
-0.014114,-0.000682,-0.278059,-0.000091,-0.044927,0.000277
-0.032879,-0.005102,-0.271610,-0.000918,-0.056707,-0.000454
-0.051706,-0.004492,-0.258950,-0.003615,-0.061833,-0.002587
-0.068741,0.000967,-0.247333,-0.008827,-0.059407,-0.004275
-0.082728,0.008717,-0.240367,-0.015751,-0.051936,-0.004322
-0.095784,0.018100,-0.234939,-0.022788,-0.042664,-0.002947
-0.109308,0.029014,-0.229313,-0.029437,-0.033824,-0.001562
-0.119274,0.039834,-0.227923,-0.035802,-0.025771,-0.001229
-0.120871,0.050182,-0.236926,-0.040035,-0.016054,-0.000965
-0.115805,0.061570,-0.255399,-0.039146,-0.001257,0.000709
-0.109188,0.073889,-0.274790,-0.032129,0.018415,0.004105
-0.103919,0.085449,-0.286327,-0.020621,0.038699,0.009294
-0.100011,0.094012,-0.285670,-0.007986,0.056397,0.016230
-0.094352,0.095909,-0.274854,0.001983,0.071202,0.024013
-0.082614,0.089554,-0.260189,0.007783,0.082629,0.031409
-0.063026,0.078885,-0.246154,0.012221,0.089750,0.037639
-0.035549,0.067760,-0.233056,0.019061,0.092804,0.041398
-0.001192,0.054498,-0.220237,0.027392,0.091348,0.039869
0.034534,0.037152,-0.209354,0.031840,0.084372,0.031055
0.065051,0.020578,-0.203064,0.026985,0.073417,0.017084
0.088404,0.012618,-0.200918,0.011563,0.061335,0.003340
0.105681,0.015514,-0.200957,-0.010175,0.049125,-0.006069
0.118083,0.026136,-0.203417,-0.031755,0.035798,-0.010738
0.127407,0.041183,-0.207823,-0.047856,0.020337,-0.012271
0.136862,0.059471,-0.210400,-0.055766,0.002476,-0.011653
0.147080,0.078830,-0.207195,-0.056444,-0.020155,-0.009059
0.148624,0.094529,-0.197913,-0.053785,-0.051582,-0.005773
0.125339,0.106638,-0.188613,-0.051163,-0.088466,-0.003256
0.075949,0.119810,-0.189481,-0.047715,-0.115646,-0.001077
0.021302,0.133526,-0.202387,-0.039691,-0.117602,0.001005
-0.016390,0.143028,-0.215981,-0.026509,-0.094930,0.002059
-0.029827,0.145862,-0.219747,-0.012519,-0.065747,0.002074
-0.026960,0.143712,-0.218400,-0.001159,-0.048328,0.001058
-0.022600,0.141401,-0.226543,0.008741,-0.045254,-0.002902
-0.025403,0.141083,-0.245402,0.018090,-0.047761,-0.011071
-0.033023,0.139674,-0.259459,0.023245,-0.050966,-0.020352
-0.041996,0.134454,-0.257862,0.019790,-0.058041,-0.025516
-0.056388,0.127003,-0.242404,0.007413,-0.071557,-0.024344
-0.082886,0.122485,-0.220697,-0.009793,-0.087813,-0.018319
-0.117910,0.126386,-0.199057,-0.025920,-0.101191,-0.009758
-0.146424,0.139709,-0.179825,-0.036360,-0.108117,-0.000220
-0.161055,0.156030,-0.162965,-0.039497,-0.105675,0.008587
-0.168757,0.167466,-0.147452,-0.036502,-0.092142,0.014982
-0.175204,0.173397,-0.132108,-0.029605,-0.069649,0.018589
-0.177702,0.176652,-0.116201,-0.020428,-0.044912,0.019253
-0.172937,0.176826,-0.100644,-0.010162,-0.026388,0.016353
-0.165228,0.173570,-0.088558,-0.000223,-0.018286,0.010046
-0.163357,0.169391,-0.082586,0.008564,-0.017909,0.001144
-0.169562,0.166432,-0.081230,0.016467,-0.019289,-0.009125
-0.178136,0.164378,-0.080483,0.023542,-0.017565,-0.018322
-0.183789,0.161094,-0.079509,0.029030,-0.010158,-0.024445
-0.184388,0.154355,-0.081524,0.032404,0.003324,-0.028293
-0.178248,0.143978,-0.089427,0.033951,0.019991,-0.032072
-0.166058,0.131089,-0.103093,0.034124,0.033458,-0.036119
-0.153401,0.116010,-0.119800,0.032758,0.036999,-0.038267
-0.146284,0.099764,-0.135226,0.029325,0.027355,-0.036440
-0.147369,0.085123,-0.145638,0.024054,0.005901,-0.030140
-0.158933,0.074428,-0.149255,0.017913,-0.021429,-0.019719
-0.181814,0.068731,-0.144656,0.011293,-0.044952,-0.007217
-0.209623,0.067589,-0.132141,0.003780,-0.055497,0.003126
-0.231545,0.069483,-0.116269,-0.004647,-0.050334,0.008154
-0.240886,0.073866,-0.102304,-0.012713,-0.034395,0.008230
-0.238267,0.080664,-0.092356,-0.018270,-0.015771,0.005702
-0.229025,0.088176,-0.086361,-0.019781,-0.000855,0.002858
-0.219129,0.093778,-0.083775,-0.017626,0.007701,0.001102
-0.212313,0.096258,-0.083655,-0.013782,0.010668,0.000591
-0.209236,0.096464,-0.084780,-0.010201,0.010473,0.000648
-0.208561,0.095981,-0.086155,-0.007709,0.009216,0.000688
-0.208993,0.095799,-0.087145,-0.006253,0.007793,0.000583
-0.210254,0.096191,-0.087695,-0.005444,0.006398,0.000420
-0.212277,0.097034,-0.088252,-0.004792,0.005288,0.000280
-0.214160,0.097972,-0.089357,-0.003903,0.004763,0.000264
-0.214574,0.098519,-0.091334,-0.002743,0.004753,0.000435
-0.213534,0.098311,-0.093791,-0.001697,0.004931,0.000666
-0.212531,0.097740,-0.095962,-0.001095,0.005274,0.000761
-0.212038,0.097423,-0.097750,-0.000882,0.006013,0.000665
-0.210871,0.097277,-0.099496,-0.001011,0.006849,0.000449
-0.208467,0.097196,-0.101093,-0.001575,0.006995,0.000230
-0.205801,0.097527,-0.102074,-0.002465,0.006163,0.000057
-0.203814,0.098493,-0.102217,-0.003295,0.004818,-0.000127
-0.202450,0.099797,-0.101781,-0.003702,0.003383,-0.000332
-0.201732,0.100903,-0.101170,-0.003590,0.001880,-0.000486
-0.202141,0.101468,-0.100636,-0.003083,0.000419,-0.000546
-0.203604,0.101387,-0.100419,-0.002418,-0.000654,-0.000534
-0.205395,0.100875,-0.100659,-0.001828,-0.001180,-0.000461
-0.206914,0.100340,-0.101170,-0.001421,-0.001263,-0.000309
-0.207973,0.100103,-0.101535,-0.001184,-0.000989,-0.000106
-0.208280,0.100325,-0.101415,-0.001043,-0.000479,0.000077
-0.207687,0.100775,-0.100970,-0.000898,-0.000020,0.000204
-0.206674,0.100935,-0.100786,-0.000770,0.000207,0.000269
-0.205545,0.100680,-0.101074,-0.000827,0.000157,0.000244
-0.204401,0.100493,-0.101431,-0.001115,-0.000312,0.000150
-0.203833,0.100722,-0.101520,-0.001405,-0.001194,0.000125
-0.204274,0.101078,-0.101334,-0.001499,-0.002140,0.000273
-0.205216,0.101259,-0.100815,-0.001498,-0.002838,0.000526
-0.205948,0.101541,-0.099836,-0.001522,-0.003264,0.000770
-0.206449,0.102286,-0.098480,-0.001452,-0.003395,0.000967
-0.206842,0.103335,-0.097052,-0.001151,-0.003015,0.001056
-0.206872,0.104284,-0.095902,-0.000641,-0.002035,0.000911
-0.206461,0.104811,-0.095344,-0.000025,-0.000798,0.000533
-0.206147,0.104725,-0.095554,0.000566,0.000216,0.000094
-0.206288,0.104102,-0.096504,0.001020,0.000788,-0.000256
-0.206576,0.103110,-0.098009,0.001241,0.000912,-0.000452
-0.206764,0.102015,-0.099702,0.001173,0.000717,-0.000503
-0.206911,0.101242,-0.101204,0.000882,0.000383,-0.000459
-0.207200,0.100860,-0.102305,0.000489,0.000049,-0.000357
-0.207802,0.100671,-0.102837,0.000054,-0.000121,-0.000222
-0.208420,0.100747,-0.102629,-0.000370,0.000005,-0.000094
-0.208478,0.101207,-0.101740,-0.000650,0.000329,0.000026
-0.207847,0.101926,-0.100477,-0.000672,0.000677,0.000156
-0.206886,0.102693,-0.099130,-0.000415,0.001062,0.000245
-0.205939,0.103303,-0.098059,0.000038,0.001535,0.000223
-0.205117,0.103504,-0.097630,0.000496,0.001932,0.000083
-,-,-,-,-,-
-0.000545,0.001353,-0.004530,-0.000180,0.000391,-0.000242
-0.002227,0.008439,-0.025359,-0.000325,0.002620,-0.000563
-0.005572,0.023319,-0.070060,-0.000761,0.006074,-0.000932
-0.010564,0.042695,-0.130221,-0.001684,0.008124,-0.000890
-0.017374,0.061045,-0.189892,-0.003170,0.007113,-0.000384
-0.024412,0.074556,-0.236276,-0.005224,0.003528,0.000209
-0.028552,0.082192,-0.263052,-0.008060,-0.002219,0.000669
-0.029377,0.085637,-0.270925,-0.011986,-0.010686,0.001093
-0.030044,0.088469,-0.265338,-0.016864,-0.022093,0.001869
-0.033295,0.093942,-0.252168,-0.021852,-0.035824,0.003496
-0.039374,0.102296,-0.235364,-0.025782,-0.051327,0.005992
-0.048204,0.110953,-0.217605,-0.028033,-0.068329,0.008770
-0.061245,0.118534,-0.200393,-0.028845,-0.085874,0.011166
-0.080286,0.126448,-0.183774,-0.028255,-0.101396,0.012583
-0.105094,0.134754,-0.167522,-0.025793,-0.111421,0.012469
-0.132772,0.141186,-0.151513,-0.021813,-0.113764,0.010785
-0.158748,0.144929,-0.135330,-0.017521,-0.108606,0.007920
-0.178285,0.146775,-0.118698,-0.013669,-0.098047,0.004131
-0.190100,0.147377,-0.101671,-0.010463,-0.085279,-0.000103
-0.197626,0.147586,-0.084788,-0.008041,-0.072884,-0.003736
-0.203412,0.147989,-0.069261,-0.006187,-0.061741,-0.006121
-0.205745,0.147571,-0.056236,-0.004502,-0.052552,-0.007675
-0.203793,0.144984,-0.045849,-0.003290,-0.047201,-0.008822
-0.201463,0.141035,-0.036811,-0.003235,-0.046473,-0.009148
-0.202888,0.137778,-0.027309,-0.004244,-0.047607,-0.008317
-0.207908,0.135922,-0.016987,-0.005461,-0.046447,-0.006650
-0.213861,0.134993,-0.007134,-0.006073,-0.041114,-0.004532
-0.218577,0.134781,0.001480,-0.005644,-0.032311,-0.002284
-0.221178,0.135178,0.009126,-0.004200,-0.021401,-0.000267
-0.221524,0.135497,0.015235,-0.002349,-0.009502,0.001296
-0.219421,0.135278,0.018497,-0.000894,0.002170,0.002265
-0.214976,0.135313,0.018659,-0.000030,0.012153,0.002508
-0.209185,0.136416,0.016387,0.000824,0.019244,0.002088
-0.203669,0.137675,0.012160,0.002124,0.022960,0.001309
-0.199971,0.137657,0.006372,0.003478,0.023564,0.000459
-0.198518,0.136490,-0.000256,0.004143,0.021867,-0.000370
-0.198268,0.135204,-0.006752,0.003844,0.018655,-0.001179
-0.198211,0.134312,-0.012296,0.002786,0.014222,-0.001818
-0.198688,0.133904,-0.016374,0.001324,0.008899,-0.002084
-0.200318,0.134095,-0.018624,-0.000120,0.003522,-0.001998
-0.202821,0.134750,-0.019148,-0.001172,-0.001047,-0.001724
-0.205572,0.135295,-0.018532,-0.001716,-0.004251,-0.001343
-0.207782,0.135251,-0.017252,-0.001935,-0.005757,-0.000952
-0.208714,0.134804,-0.015517,-0.002059,-0.005718,-0.000692
-0.208684,0.134571,-0.013493,-0.002059,-0.004668,-0.000591
-0.208405,0.134704,-0.011424,-0.001716,-0.002968,-0.000598
-0.207857,0.134680,-0.009645,-0.001013,-0.000863,-0.000672
-0.206910,0.134043,-0.008361,-0.000267,0.001297,-0.000775
-0.205599,0.132960,-0.007409,0.000165,0.003300,-0.000917
-0.203581,0.132059,-0.006645,0.000280,0.005296,-0.001152
-0.200859,0.131653,-0.006378,0.000521,0.007708,-0.001527
-0.198575,0.131344,-0.007148,0.001327,0.010944,-0.002168
-0.197926,0.130680,-0.009371,0.002660,0.015123,-0.003298
-0.198925,0.129777,-0.013519,0.004229,0.020213,-0.004975
-0.200617,0.128659,-0.020300,0.006062,0.026200,-0.006939
-0.202262,0.126505,-0.030259,0.008334,0.032477,-0.008981
-0.203602,0.122550,-0.043220,0.010711,0.037316,-0.011071
-0.204206,0.117273,-0.057678,0.012391,0.038940,-0.012915
-0.204203,0.111829,-0.071302,0.012881,0.037172,-0.013928
-0.204908,0.106781,-0.083152,0.012340,0.033362,-0.013833
-0.207245,0.102111,-0.093723,0.011027,0.028944,-0.012852
-0.210313,0.098205,-0.102702,0.008941,0.024584,-0.011308
-0.212222,0.096035,-0.109250,0.006275,0.020528,-0.009439
-0.212444,0.096045,-0.113711,0.003679,0.017385,-0.007587
-0.212328,0.097866,-0.117601,0.001895,0.016150,-0.006218
-0.212608,0.100763,-0.122467,0.001245,0.017287,-0.005429
-0.212134,0.103507,-0.128749,0.001402,0.020134,-0.004719
-0.209603,0.104820,-0.135570,0.001799,0.023438,-0.003646
-0.204675,0.104168,-0.141702,0.002214,0.026101,-0.002285
-0.197325,0.101489,-0.146595,0.002763,0.027369,-0.000949
-0.188203,0.096711,-0.150372,0.003322,0.026822,0.000040
-0.179435,0.090758,-0.153382,0.003322,0.024414,0.000401
-0.173249,0.085970,-0.155889,0.002533,0.020669,0.000056
-0.170227,0.084045,-0.157812,0.001611,0.016663,-0.000731
-0.169557,0.084832,-0.159020,0.001204,0.013329,-0.001445
-0.170084,0.087178,-0.159711,0.001135,0.010983,-0.001633
-0.170937,0.089666,-0.160095,0.001093,0.009730,-0.001356
-0.171645,0.091643,-0.160221,0.001457,0.009739,-0.001077
-0.172257,0.093002,-0.159718,0.002798,0.010972,-0.001039
-0.172955,0.092898,-0.158029,0.004799,0.013011,-0.001181
-0.172566,0.091373,-0.156923,0.006437,0.015085,-0.001181
-0.168941,0.089675,-0.160438,0.007084,0.016583,-0.000593
-0.161689,0.087198,-0.170821,0.006544,0.017717,0.000441
-0.152592,0.082568,-0.186858,0.004555,0.019272,0.001002
-0.142702,0.078764,-0.203034,0.001672,0.021695,0.000189
-0.131809,0.080801,-0.211587,0.000018,0.024281,-0.002023
-0.122074,0.086961,-0.211820,0.001097,0.025616,-0.004634
-0.116112,0.089938,-0.211366,0.003561,0.025754,-0.006462
-0.111314,0.086116,-0.215307,0.004555,0.026554,-0.007291
-0.104784,0.078506,-0.221870,0.002577,0.029000,-0.007846
-0.099091,0.072220,-0.228392,-0.001460,0.032191,-0.008630
-0.096463,0.069259,-0.234971,-0.005799,0.034492,-0.009389
-0.095413,0.068083,-0.240741,-0.009413,0.034839,-0.009433
-0.093761,0.067249,-0.242272,-0.011553,0.033867,-0.008383
-0.089990,0.066652,-0.238732,-0.011329,0.033162,-0.006757
-0.083879,0.065396,-0.234141,-0.008480,0.033110,-0.005201
-0.076240,0.062387,-0.232465,-0.003458,0.032595,-0.003856
-0.068322,0.058217,-0.234589,0.003369,0.030432,-0.002989
-0.062175,0.054021,-0.240076,0.011731,0.025881,-0.003032
-0.059501,0.050092,-0.246675,0.020635,0.018777,-0.003769
-0.060218,0.046356,-0.250370,0.028006,0.010476,-0.004114
-0.062947,0.043725,-0.249669,0.031497,0.003615,-0.002941
-0.066298,0.043666,-0.247393,0.029947,-0.000072,-0.000035
-0.069288,0.046397,-0.246903,0.024311,-0.001017,0.003788
-0.070728,0.051041,-0.248539,0.017205,-0.000706,0.007170
-0.069401,0.056434,-0.250634,0.011207,-0.000178,0.008944
-0.065218,0.061329,-0.251893,0.007393,0.000364,0.008781
-0.059537,0.064664,-0.252286,0.005490,0.001157,0.007182
-0.054225,0.065798,-0.252515,0.005119,0.002234,0.004935
-0.050595,0.064514,-0.253060,0.006328,0.003177,0.002582
-0.049491,0.059866,-0.254748,0.008984,0.003499,0.000363
-0.051330,0.050553,-0.259082,0.012372,0.003034,-0.001522
-0.055106,0.038208,-0.266023,0.015569,0.001899,-0.002964
-0.058581,0.027106,-0.271994,0.017959,0.000271,-0.004170
-0.059367,0.020433,-0.271725,0.019319,-0.001316,-0.005653
-0.055387,0.018427,-0.262362,0.019320,-0.001399,-0.007935
-0.047083,0.017337,-0.246872,0.016958,0.001839,-0.010698
-0.038321,0.012311,-0.234043,0.011208,0.008695,-0.012486
-0.031598,0.003931,-0.231690,0.002659,0.016995,-0.012263
-0.025641,-0.003442,-0.239586,-0.006289,0.023677,-0.010517
-0.018919,-0.007946,-0.251861,-0.012914,0.027014,-0.008254
-0.011259,-0.009998,-0.263099,-0.015337,0.027018,-0.006270
-0.003327,-0.010847,-0.269875,-0.013201,0.024748,-0.005082
0.003592,-0.012151,-0.270627,-0.008195,0.021836,-0.004397
0.008415,-0.013890,-0.265840,-0.003237,0.019938,-0.003174
0.009068,-0.013771,-0.259660,0.000089,0.017853,-0.001165
0.003798,-0.009409,-0.259805,0.002356,0.011247,0.000350
-0.002850,-0.001303,-0.268991,0.003711,0.000163,0.000546