-,-,-,-,-,-
-0.004284,0.000060,-0.001461,-0.000196,-0.000386,-0.000200
-0.023987,0.001047,-0.007532,-0.000490,-0.001514,-0.000345
-0.066313,0.003143,-0.020062,-0.001422,-0.004026,-0.000444
-0.122905,0.006227,-0.035565,-0.003133,-0.007539,-0.000198
-0.178033,0.010077,-0.048399,-0.005083,-0.011083,0.000522
-0.220066,0.014070,-0.055349,-0.006340,-0.013767,0.001570
-0.244988,0.017224,-0.056623,-0.006465,-0.015060,0.002576
-0.255251,0.019342,-0.053949,-0.005792,-0.014635,0.003105
-0.255786,0.020978,-0.049157,-0.004838,-0.012386,0.002981
-0.250930,0.021985,-0.043972,-0.003924,-0.008882,0.002370
-0.244412,0.021599,-0.039561,-0.003293,-0.005283,0.001590
-0.239208,0.020103,-0.036286,-0.003026,-0.002539,0.000913
-0.236457,0.018802,-0.034153,-0.002835,-0.000951,0.000487
-0.235704,0.018416,-0.033264,-0.002383,-0.000391,0.000354
-0.236229,0.018792,-0.033668,-0.001730,-0.000461,0.000438
-0.237530,0.019683,-0.035008,-0.001168,-0.000570,0.000546
-0.238960,0.020721,-0.036621,-0.000835,-0.000293,0.000496
-0.239955,0.021206,-0.037959,-0.000638,0.000366,0.000228
-0.240561,0.020674,-0.039007,-0.000375,0.001112,-0.000140
-0.241189,0.019261,-0.040304,0.000068,0.001573,-0.000352
-0.242013,0.017497,-0.042040,0.000487,0.001444,-0.000208
-0.242935,0.016332,-0.043495,0.000534,0.000745,0.000281
-0.243583,0.016721,-0.043927,0.000168,-0.000091,0.000904
-0.243462,0.018369,-0.043339,-0.000330,-0.000613,0.001359
-0.242801,0.019858,-0.042264,-0.000682,-0.000701,0.001474
-0.242363,0.020305,-0.041483,-0.000790,-0.000487,0.001340
-0.242420,0.020015,-0.041418,-0.000712,-0.000216,0.001184
-0.242621,0.019804,-0.041795,-0.000538,-0.000080,0.001194
-0.242403,0.020257,-0.042189,-0.000378,-0.000098,0.001410
-0.241357,0.021681,-0.042210,-0.000384,-0.000168,0.001692
-0.239485,0.023904,-0.041587,-0.000537,-0.000148,0.001798
-0.237480,0.025778,-0.040629,-0.000592,0.000087,0.001568
-0.236353,0.026147,-0.040195,-0.000372,0.000522,0.001078
-0.236440,0.025115,-0.040962,0.000019,0.000929,0.000559
-0.237378,0.023728,-0.042707,0.000301,0.001165,0.000186
-0.238516,0.023030,-0.044531,0.000211,0.001421,-0.000051
-0.239127,0.023478,-0.045626,-0.000328,0.001904,-0.000295
-0.238943,0.024667,-0.045726,-0.001076,0.002473,-0.000643
-0.238484,0.025627,-0.045116,-0.001561,0.002729,-0.001061
-0.238745,0.025571,-0.044439,-0.001447,0.002420,-0.001404
-0.240044,0.024319,-0.044486,-0.000851,0.001697,-0.001503
-0.241423,0.022368,-0.045534,-0.000249,0.000845,-0.001298
-0.241923,0.020811,-0.046893,0.000003,0.000029,-0.000877
-0.241467,0.020610,-0.047762,-0.000072,-0.000629,-0.000425
-0.240360,0.021587,-0.047898,-0.000262,-0.001065,-0.000166
-0.239213,0.022422,-0.047367,-0.000368,-0.001272,-0.000223
-0.238961,0.022015,-0.046525,-0.000271,-0.001234,-0.000508
-0.239938,0.020595,-0.045985,0.000004,-0.001019,-0.000749
-0.241429,0.019149,-0.046012,0.000269,-0.000839,-0.000701
-0.242599,0.018507,-0.046182,0.000280,-0.000805,-0.000341
-0.243088,0.019212,-0.045991,-0.000053,-0.000801,0.000154
-0.242773,0.021097,-0.045351,-0.000548,-0.000699,0.000564
-0.241854,0.022985,-0.044442,-0.000915,-0.000526,0.000746
-0.240848,0.023810,-0.043705,-0.000967,-0.000356,0.000696
-0.240037,0.023595,-0.043679,-0.000718,-0.000256,0.000543
-0.239211,0.022939,-0.044490,-0.000374,-0.000374,0.000440
-0.238163,0.022465,-0.045663,-0.000208,-0.000791,0.000431
-0.237121,0.022739,-0.046441,-0.000366,-0.001317,0.000415
-0.236392,0.023828,-0.046353,-0.000758,-0.001690,0.000261
-0.236296,0.024928,-0.045372,-0.001104,-0.001810,-0.000081
-0.237218,0.025087,-0.043862,-0.001120,-0.001689,-0.000521
-0.238993,0.024179,-0.042532,-0.000743,-0.001455,-0.000848
-0.240868,0.022736,-0.041862,-0.000210,-0.001301,-0.000874
-0.242221,0.021462,-0.041638,0.000115,-0.001201,-0.000601
-0.242627,0.021225,-0.041371,0.000059,-0.000941,-0.000217
-0.241865,0.022416,-0.040835,-0.000182,-0.000479,0.000045
-0.240531,0.023970,-0.040217,-0.000252,0.000002,0.000056
-0.239802,0.024264,-0.040071,-0.000014,0.000340,-0.000139
-0.240379,0.022986,-0.040769,0.000368,0.000506,-0.000339
-0.241874,0.021175,-0.042058,0.000668,0.000607,-0.000322
-0.243053,0.019867,-0.043469,0.000743,0.000784,-0.000035
-0.243001,0.019645,-0.044670,0.000517,0.001067,0.000371
-0.241795,0.020774,-0.045369,0.000027,0.001394,0.000674
-0.240105,0.022686,-0.045394,-0.000491,0.001654,0.000718
-0.238895,0.024098,-0.045002,-0.000688,0.001725,0.000491
-0.238899,0.024182,-0.044869,-0.000440,0.001584,0.000157
-0.239791,0.023210,-0.045434,-0.000016,0.001293,-0.000048
-0.240524,0.022124,-0.046428,0.000216,0.000907,-0.000004
-0.240445,0.021906,-0.047270,0.000171,0.000570,0.000209
-0.239433,0.022945,-0.047677,-0.000005,0.000487,0.000378
-0.237827,0.024512,-0.047622,-0.000208,0.000651,0.000283
-0.236739,0.025376,-0.047131,-0.000354,0.000844,-0.000110
-0.237266,0.024961,-0.046568,-0.000276,0.000925,-0.000571
-0.239268,0.023491,-0.046528,0.000026,0.000859,-0.000792
-0.241584,0.021689,-0.047188,0.000277,0.000642,-0.000624
-0.242945,0.020585,-0.048093,0.000275,0.000339,-0.000160
-0.242713,0.020894,-0.048589,0.000074,0.000031,0.000347
-0.241166,0.022294,-0.048378,-0.000178,-0.000240,0.000628
-0.239315,0.023672,-0.047636,-0.000313,-0.000432,0.000543
-0.238446,0.024097,-0.046982,-0.000168,-0.000506,0.000182
-0.239185,0.023371,-0.047128,0.000198,-0.000444,-0.000178
-0.240785,0.022049,-0.048090,0.000464,-0.000257,-0.000288
-0.241771,0.021111,-0.049159,0.000396,-0.000029,-0.000093
-0.241326,0.021410,-0.049662,0.000077,0.000119,0.000246
-0.239743,0.022999,-0.049466,-0.000256,0.000147,0.000462
-0.238034,0.024847,-0.048739,-0.000431,0.000141,0.000364
-0.237260,0.025752,-0.047780,-0.000359,0.000195,-0.000014
-0.237802,0.025321,-0.047221,-0.000041,0.000259,-0.000425
-0.239364,0.023872,-0.047540,0.000310,0.000245,-0.000604
-0.241030,0.022180,-0.048548,0.000404,0.000205,-0.000459
-0.241518,0.021320,-0.049659,0.000172,0.000189,-0.000128
-0.240461,0.021908,-0.050286,-0.000211,0.000140,0.000139
-0.238805,0.023354,-0.050159,-0.000500,0.000050,0.000153
-0.237789,0.024350,-0.049542,-0.000530,-0.000015,-0.000095
-0.238141,0.024128,-0.049100,-0.000301,-0.000053,-0.000420
-0.239755,0.022891,-0.049320,-0.000007,-0.000100,-0.000578
-0.241623,0.021441,-0.049982,0.000091,-0.000118,-0.000438
-0.242394,0.020714,-0.050531,-0.000096,-0.000065,-0.000072
-0.241495,0.021239,-0.050634,-0.000441,0.000022,0.000294
-0.239515,0.022798,-0.050151,-0.000751,0.000095,0.000442
-0.237604,0.024490,-0.049124,-0.000850,0.000173,0.000299
-0.236849,0.025353,-0.048039,-0.000637,0.000293,-0.000015
-0.237622,0.025101,-0.047634,-0.000178,0.000436,-0.000257
-0.239262,0.024120,-0.048223,0.000286,0.000554,-0.000252
-0.240561,0.023139,-0.049538,0.000491,0.000679,-0.000018
-0.240632,0.022946,-0.051102,0.000349,0.000841,0.000266
-0.239502,0.023759,-0.052420,0.000008,0.000966,0.000406
-0.238043,0.024870,-0.053031,-0.000310,0.000957,0.000292
-0.237362,0.025373,-0.052846,-0.000451,0.000783,-0.000027
-0.238088,0.024972,-0.052357,-0.000377,0.000508,-0.000349
-0.239822,0.023938,-0.052189,-0.000203,0.000260,-0.000446
-0.241288,0.022872,-0.052572,-0.000111,0.000128,-0.000250
-0.241473,0.022556,-0.053221,-0.000170,0.000079,0.000091
-0.240492,0.023403,-0.053645,-0.000288,0.000043,0.000363
-0.239159,0.024860,-0.053631,-0.000344,0.000024,0.000429
-0.238232,0.025821,-0.053342,-0.000300,0.000039,0.000275
-0.238208,0.025737,-0.053054,-0.000189,0.000047,0.000022
-0.238971,0.024940,-0.052942,-0.000093,0.000036,-0.000128
-,-,-,-,-,-
-0.004469,-0.000032,-0.001469,-0.000222,-0.000254,0.000091
-0.024882,0.000883,-0.007675,-0.000601,-0.000921,0.001379
-0.068091,0.004048,-0.020525,-0.001504,-0.002888,0.004478
-0.124430,0.010783,-0.035949,-0.002690,-0.006288,0.009050
-0.177026,0.020998,-0.047458,-0.003543,-0.010213,0.013620
-0.214526,0.033485,-0.051437,-0.003517,-0.013433,0.016758
-0.234487,0.046897,-0.047710,-0.002280,-0.015014,0.017785
-0.240435,0.059622,-0.038325,0.000222,-0.014229,0.016641
-0.237266,0.069618,-0.027297,0.003665,-0.010647,0.013932
-0.228822,0.075690,-0.019198,0.007425,-0.004620,0.010678
-0.217486,0.078115,-0.016535,0.010776,0.002576,0.007809
-0.205052,0.077352,-0.019137,0.013072,0.009255,0.006127
-0.194382,0.073709,-0.026233,0.013864,0.014159,0.006122
-0.188943,0.067904,-0.036478,0.013094,0.017299,0.007281
-0.190098,0.061000,-0.047178,0.010868,0.019968,0.008250
-0.196729,0.054948,-0.056816,0.007352,0.023425,0.008648
-0.207316,0.052415,-0.065540,0.003420,0.028017,0.009744
-0.220224,0.054372,-0.072986,0.000373,0.033914,0.012428
-0.233177,0.058827,-0.079447,-0.001222,0.041603,0.015824
-0.243379,0.063491,-0.087161,-0.001522,0.051329,0.018384
-0.246614,0.069008,-0.097775,-0.000735,0.062740,0.019577
-0.238287,0.077807,-0.111708,0.000941,0.074595,0.020078
-0.217599,0.089216,-0.128859,0.003645,0.084277,0.020714
-0.188718,0.098669,-0.146805,0.007953,0.088497,0.022009
-0.157025,0.103919,-0.162720,0.013865,0.085676,0.024160
-0.127423,0.107404,-0.177119,0.020889,0.077645,0.026711
-0.105117,0.110869,-0.192474,0.028897,0.068674,0.029051
-0.091855,0.112037,-0.210395,0.037409,0.062656,0.031099
-0.083226,0.107573,-0.230889,0.044661,0.060586,0.032848
-0.073330,0.097090,-0.251915,0.048492,0.060590,0.033987
-0.058800,0.082642,-0.269477,0.048207,0.060047,0.034407
-0.038789,0.065593,-0.280511,0.044689,0.057066,0.034267
-0.014822,0.046572,-0.284995,0.038869,0.050890,0.033211
0.009777,0.028581,-0.284480,0.031145,0.041916,0.030228
0.031024,0.017805,-0.280835,0.022002,0.031321,0.024604
0.044690,0.019661,-0.276525,0.012523,0.020570,0.016757
0.046966,0.033704,-0.273640,0.004311,0.011239,0.008734
0.037624,0.052384,-0.271902,-0.000843,0.005410,0.003484
0.022759,0.065357,-0.268751,-0.001400,0.005242,0.002645
0.011960,0.065686,-0.262157,0.003049,0.011017,0.005507
0.012857,0.053307,-0.253272,0.011431,0.020112,0.009804
0.026363,0.033802,-0.246905,0.021847,0.028700,0.012953
0.045593,0.013495,-0.249141,0.031767,0.034231,0.013450
0.063109,-0.003871,-0.261804,0.038036,0.035779,0.011301
0.076853,-0.016220,-0.279471,0.038309,0.033004,0.007278
0.087127,-0.022820,-0.293787,0.032772,0.026369,0.002468
0.094479,-0.025667,-0.299552,0.023600,0.017164,-0.002210
0.099140,-0.027742,-0.296768,0.012979,0.006335,-0.006509
0.099614,-0.029174,-0.288622,0.002590,-0.005052,-0.010405
0.095773,-0.027613,-0.278441,-0.005782,-0.015048,-0.013535
0.089751,-0.022945,-0.269263,-0.011060,-0.022439,-0.015587
0.081549,-0.018117,-0.264148,-0.014324,-0.027461,-0.016700
0.069649,-0.013833,-0.263882,-0.017778,-0.029896,-0.017248
0.056197,-0.007416,-0.265706,-0.022194,-0.028558,-0.017710
0.046459,0.001875,-0.266151,-0.026899,-0.023784,-0.018493
0.042598,0.011401,-0.264011,-0.031915,-0.018430,-0.019525
0.042093,0.019361,-0.259676,-0.038234,-0.015244,-0.020575
0.042234,0.026870,-0.252843,-0.046052,-0.014950,-0.022157
0.042307,0.034941,-0.242900,-0.054266,-0.017623,-0.025177
0.041097,0.041769,-0.230795,-0.062376,-0.024395,-0.029602
0.034643,0.046669,-0.217347,-0.071317,-0.036399,-0.034289
0.017805,0.054181,-0.201695,-0.080930,-0.052086,-0.037607
-0.010728,0.068155,-0.184246,-0.088543,-0.067139,-0.037826
-0.046889,0.084980,-0.167445,-0.092120,-0.077901,-0.033950
-0.085751,0.100819,-0.152541,-0.092628,-0.083512,-0.026697
-0.122831,0.121605,-0.139897,-0.090432,-0.083812,-0.018030
-0.152739,0.152779,-0.131843,-0.082725,-0.077943,-0.009409
-0.168812,0.185888,-0.130392,-0.068411,-0.066649,-0.002155
-0.162792,0.209210,-0.133895,-0.051266,-0.054148,0.000762
-0.134531,0.219617,-0.137344,-0.036873,-0.047669,-0.002791
-0.102039,0.219777,-0.133475,-0.029782,-0.053003,-0.010516
-0.087869,0.215524,-0.116054,-0.030871,-0.067648,-0.017954
-0.098194,0.212662,-0.084123,-0.035430,-0.081327,-0.022329
-0.122793,0.210937,-0.043234,-0.036530,-0.084160,-0.023163
-0.147996,0.205559,-0.002527,-0.031188,-0.072661,-0.021916
-0.164731,0.196721,0.030032,-0.022004,-0.051079,-0.020855
-0.171104,0.188867,0.050332,-0.013084,-0.029482,-0.021210
-0.172671,0.179476,0.059398,-0.006880,-0.017588,-0.022707
-0.177423,0.162681,0.062485,-0.004656,-0.017737,-0.024098
-0.187422,0.144502,0.064517,-0.006387,-0.024036,-0.024092
-0.196200,0.139948,0.066814,-0.009427,-0.028845,-0.022519
-0.195580,0.152681,0.068639,-0.009861,-0.029627,-0.020181
-0.184833,0.169039,0.070385,-0.006372,-0.028356,-0.018224
-0.170869,0.175036,0.074300,-0.000800,-0.025804,-0.018575
-0.160366,0.170141,0.081620,0.005432,-0.020257,-0.022725
-0.156961,0.163033,0.088992,0.012727,-0.010906,-0.029164
-0.163664,0.160773,0.090198,0.021750,0.001741,-0.034858
-0.180858,0.162328,0.081301,0.032575,0.018111,-0.038939
-0.202584,0.160273,0.062221,0.043663,0.038598,-0.041868
-0.219899,0.149977,0.036296,0.051225,0.061421,-0.042981
-0.227644,0.134549,0.008960,0.052089,0.083639,-0.041900
-0.225043,0.119410,-0.016094,0.046773,0.102801,-0.039616
-0.212758,0.106811,-0.039180,0.038702,0.116587,-0.036717
-0.192874,0.095737,-0.063324,0.031916,0.121987,-0.032918
-0.170077,0.083217,-0.091171,0.029024,0.115809,-0.027893
-0.151860,0.066790,-0.122201,0.029796,0.097116,-0.021502
-0.145398,0.047223,-0.153126,0.032099,0.069818,-0.014134
-0.151775,0.028007,-0.179903,0.033641,0.041190,-0.006956
-0.165798,0.013344,-0.198689,0.032686,0.017154,-0.001263
-0.181249,0.006459,-0.206953,0.028765,-0.000110,0.002553
-0.192824,0.007290,-0.205312,0.023085,-0.011460,0.005371
-0.196353,0.011926,-0.197955,0.017492,-0.019594,0.008577
-0.192290,0.016456,-0.188991,0.012792,-0.027242,0.012646
-0.187006,0.020492,-0.178864,0.008901,-0.034369,0.016375
-0.186781,0.024403,-0.167061,0.006416,-0.037832,0.017881
-0.191718,0.026580,-0.155142,0.006067,-0.035197,0.016438
-0.198462,0.026401,-0.145405,0.007429,-0.027257,0.012929
-0.205155,0.025452,-0.139947,0.009481,-0.016054,0.008691
-0.210498,0.024942,-0.140296,0.010921,-0.002869,0.004547
-0.212178,0.025680,-0.145636,0.009913,0.010856,0.000882
-0.207446,0.029552,-0.152701,0.005511,0.022228,-0.002068
-0.195298,0.038406,-0.158850,-0.000669,0.027367,-0.004082
-0.179999,0.051166,-0.163921,-0.005447,0.023810,-0.004589
-0.168704,0.063059,-0.168505,-0.006830,0.012822,-0.003153
-0.165459,0.069590,-0.172385,-0.005280,-0.001337,-0.000600
-0.170083,0.069824,-0.175066,-0.002303,-0.013853,0.001647
-0.177775,0.064492,-0.176466,0.000846,-0.021981,0.002964
-0.182085,0.054589,-0.175944,0.002722,-0.027111,0.003579
-0.183301,0.042444,-0.171134,0.002039,-0.032959,0.004290
-0.188542,0.030568,-0.159386,-0.001121,-0.040690,0.005900
-0.203028,0.020348,-0.140574,-0.005764,-0.046854,0.007984
-0.224519,0.013647,-0.118120,-0.010973,-0.046307,0.008827
-0.245238,0.012854,-0.097143,-0.015779,-0.036920,0.007179
-0.257761,0.018189,-0.081408,-0.019236,-0.021593,0.003568
-0.258802,0.026816,-0.071978,-0.020831,-0.006154,-0.000373
-0.250226,0.035106,-0.067833,-0.020308,0.004182,-0.003199
-0.237870,0.041425,-0.067217,-0.017498,0.007350,-0.004192
-0.227822,0.046183,-0.069035,-0.012810,0.004713,-0.003508
-,-,-,-,-,-
-0.003545,0.000848,-0.002482,0.000019,0.001278,-0.000301
-0.019124,0.005335,-0.014168,0.000867,0.008306,-0.000845
-0.050226,0.013809,-0.040988,0.002692,0.024075,-0.001395
-0.086195,0.023002,-0.080097,0.005073,0.046290,-0.000950
-0.112442,0.029833,-0.122462,0.007219,0.068854,0.001011
-0.122530,0.033999,-0.159442,0.008796,0.086272,0.004179
-0.118112,0.036738,-0.187285,0.010564,0.095613,0.007204
-0.103403,0.038928,-0.207572,0.013250,0.095845,0.008574
-0.084160,0.040072,-0.224023,0.015525,0.088032,0.008872
-0.068532,0.039879,-0.241100,0.015334,0.076525,0.009955
-0.060520,0.040415,-0.261995,0.013324,0.067360,0.011988
-0.054001,0.044060,-0.282798,0.012313,0.064098,0.013604
-0.041198,0.050341,-0.295337,0.013916,0.066426,0.013825
-0.022918,0.056756,-0.297583,0.017836,0.073234,0.012688
-0.003636,0.060099,-0.293226,0.022897,0.084345,0.011316
0.017620,0.057617,-0.284267,0.027324,0.097894,0.011268
0.045761,0.049349,-0.270282,0.029299,0.108588,0.013047
0.082305,0.037831,-0.251721,0.027878,0.110182,0.015750
0.122007,0.025700,-0.231311,0.023157,0.099272,0.018098
0.156544,0.015632,-0.213563,0.016475,0.077867,0.019072
0.180791,0.010235,-0.202551,0.010171,0.052284,0.018045
0.194800,0.009112,-0.200017,0.006024,0.029225,0.015429
0.202663,0.008226,-0.204014,0.004551,0.013309,0.012304
0.208097,0.003152,-0.209129,0.004922,0.004875,0.008722
0.209033,-0.006281,-0.212610,0.004965,0.000164,0.004096
0.202308,-0.015431,-0.216172,0.003154,-0.003473,-0.001039
0.192445,-0.021419,-0.218418,-0.000322,-0.006880,-0.005758
0.186971,-0.024428,-0.214891,-0.005153,-0.013437,-0.010155
0.185472,-0.022797,-0.207248,-0.011274,-0.026935,-0.014021
0.181590,-0.016138,-0.203020,-0.018379,-0.046403,-0.015735
0.170240,-0.009353,-0.205393,-0.027153,-0.067167,-0.014787
0.149136,-0.004666,-0.211762,-0.039038,-0.085365,-0.013788
0.119975,0.003476,-0.220828,-0.052829,-0.099679,-0.015061
0.087247,0.019331,-0.232739,-0.063805,-0.107706,-0.017074
0.055436,0.040369,-0.245772,-0.067532,-0.104070,-0.017214
0.028597,0.062600,-0.255246,-0.063018,-0.086587,-0.015188
0.010011,0.083305,-0.254218,-0.052169,-0.060614,-0.012048
0.001756,0.098813,-0.239396,-0.038021,-0.036117,-0.008683
0.001736,0.106698,-0.217351,-0.024710,-0.021543,-0.005483
0.002768,0.110664,-0.201212,-0.015998,-0.017530,-0.002963
-0.000287,0.116903,-0.198380,-0.011846,-0.017695,-0.002399
-0.005679,0.126566,-0.205831,-0.009136,-0.016560,-0.004149
-0.007873,0.135666,-0.216640,-0.005625,-0.015520,-0.006433
-0.004405,0.139028,-0.225074,-0.002190,-0.021759,-0.007083
-0.001675,0.134886,-0.229573,-0.001521,-0.040413,-0.005501
-0.009829,0.127907,-0.232977,-0.003529,-0.068064,-0.003069
-0.032527,0.123615,-0.236356,-0.003938,-0.095429,-0.002330
-0.067020,0.121407,-0.235077,0.000319,-0.114577,-0.004677
-0.109049,0.117533,-0.224321,0.007461,-0.121975,-0.008861
-0.152165,0.110680,-0.204802,0.013363,-0.117464,-0.013128
-0.187009,0.101934,-0.181016,0.014556,-0.103777,-0.016853
-0.207090,0.093125,-0.156849,0.009007,-0.086335,-0.019097
-0.213605,0.086800,-0.134386,-0.003272,-0.071108,-0.018398
-0.212382,0.085342,-0.115185,-0.019396,-0.061586,-0.014506
-0.209364,0.089486,-0.099818,-0.034286,-0.057265,-0.009328
-0.209961,0.099315,-0.087413,-0.042730,-0.054571,-0.005759
-0.216975,0.112280,-0.076118,-0.042008,-0.049000,-0.005184
-0.227804,0.121563,-0.063653,-0.033646,-0.037011,-0.006888
-0.238162,0.124100,-0.050100,-0.021442,-0.017923,-0.010257
-0.245668,0.122572,-0.038084,-0.008011,0.005422,-0.015191
-0.248643,0.117318,-0.029734,0.004827,0.028943,-0.019809
-0.246708,0.107426,-0.027577,0.014327,0.049916,-0.021204
-0.241043,0.095381,-0.034782,0.018783,0.067289,-0.018799
-0.231758,0.083527,-0.051966,0.019234,0.080674,-0.014223
-0.218191,0.071767,-0.077084,0.017725,0.089819,-0.008823
-0.201477,0.060355,-0.106737,0.015665,0.095125,-0.003205
-0.183957,0.051094,-0.136458,0.013716,0.097748,0.001893
-0.166585,0.046054,-0.162286,0.012207,0.098496,0.005455
-0.147622,0.045884,-0.182544,0.011447,0.096710,0.006906
-0.125028,0.049061,-0.198049,0.011669,0.090587,0.006709
-0.100780,0.052717,-0.210893,0.012806,0.079199,0.005827
-0.080291,0.054388,-0.223019,0.014475,0.064344,0.004707
-0.067008,0.053393,-0.235337,0.016268,0.049889,0.003296
-0.059394,0.050656,-0.247236,0.018095,0.039082,0.001894
-0.053596,0.047164,-0.257297,0.020376,0.032714,0.001353
-0.047749,0.042318,-0.264711,0.023528,0.029752,0.002301
-0.041821,0.034662,-0.269451,0.026997,0.028775,0.004523
-0.034977,0.024248,-0.271469,0.029330,0.028341,0.007159
-0.026439,0.012764,-0.270770,0.029427,0.027066,0.009296
-0.017016,0.002010,-0.268176,0.027323,0.024293,0.010291
-0.008082,-0.006425,-0.264873,0.023901,0.020144,0.009928
-0.001586,-0.011234,-0.261679,0.020362,0.015119,0.008676
0.000467,-0.012585,-0.259410,0.017734,0.010378,0.007600
-0.001398,-0.012426,-0.258631,0.016340,0.007293,0.007614
-0.004598,-0.012606,-0.259052,0.015934,0.006428,0.008779
-0.007379,-0.013624,-0.259830,0.016581,0.007792,0.010322
-0.008646,-0.016066,-0.259928,0.018273,0.011117,0.011265
-0.007110,-0.020946,-0.258738,0.019599,0.015364,0.010815
-0.002897,-0.027562,-0.256585,0.018721,0.019446,0.008387
0.002882,-0.033923,-0.254152,0.015089,0.023311,0.004053
0.010418,-0.038859,-0.251823,0.009038,0.027179,-0.001243
0.020890,-0.041146,-0.249342,0.001533,0.030205,-0.006353
0.034045,-0.039238,-0.246408,-0.005585,0.030714,-0.010265
0.047144,-0.034060,-0.244283,-0.010586,0.027943,-0.011860
0.057143,-0.029560,-0.244901,-0.013169,0.023065,-0.010489
0.062765,-0.028863,-0.248782,-0.014334,0.018535,-0.007259
0.065113,-0.031233,-0.255392,-0.014965,0.017060,-0.004600
0.067729,-0.033686,-0.262890,-0.015369,0.020207,-0.003916
0.073930,-0.033392,-0.267620,-0.016020,0.027239,-0.004654
0.083547,-0.028172,-0.266652,-0.017315,0.036047,-0.005410
0.094909,-0.018450,-0.259648,-0.018654,0.044529,-0.004863
0.108789,-0.008550,-0.247567,-0.019044,0.049876,-0.002549
0.125590,-0.002729,-0.232095,-0.018741,0.048181,0.000348
0.141147,-0.000590,-0.217220,-0.019004,0.037420,0.001830
0.150440,0.001421,-0.208329,-0.020105,0.020691,0.001055
0.152539,0.005218,-0.207553,-0.020943,0.004505,-0.001315
0.149794,0.010421,-0.212013,-0.020505,-0.006227,-0.004364
0.145626,0.016550,-0.217295,-0.018647,-0.010877,-0.007429
0.143038,0.022720,-0.220535,-0.015965,-0.012375,-0.009845
0.142031,0.027848,-0.221680,-0.013727,-0.014650,-0.010995
0.139748,0.032411,-0.223412,-0.013091,-0.019484,-0.010364
0.134299,0.036901,-0.227640,-0.014153,-0.025986,-0.008034
0.126350,0.040809,-0.232921,-0.016342,-0.033315,-0.005261
0.117134,0.045225,-0.236870,-0.019260,-0.041966,-0.003137
0.105733,0.051740,-0.239117,-0.022572,-0.051877,-0.001248
0.089638,0.058728,-0.241004,-0.025854,-0.061172,0.000800
0.069357,0.063874,-0.243044,-0.028759,-0.067560,0.001617
0.049227,0.068435,-0.243586,-0.030943,-0.070689,-0.000554
0.031899,0.074582,-0.240806,-0.032855,-0.072611,-0.004774
0.013811,0.082558,-0.236341,-0.035584,-0.073731,-0.007329
-0.010341,0.093500,-0.234803,-0.037999,-0.069794,-0.005889
-0.037585,0.109252,-0.237899,-0.036218,-0.057346,-0.002495
-0.059168,0.127145,-0.242342,-0.027618,-0.038846,-0.000781
-0.070823,0.140366,-0.244562,-0.014405,-0.019914,-0.001704
-0.072994,0.144303,-0.243190,-0.002390,-0.005503,-0.003710
-0.067982,0.140294,-0.238001,0.003847,0.001484,-0.005250
-0.060135,0.133643,-0.230424,0.003971,0.000815,-0.005578
-0.054856,0.128607,-0.223457,0.000674,-0.004790,-0.004536
-,-,-,-,-,-
-0.003607,0.002530,-0.001624,-0.000223,-0.000177,-0.000168
-0.019509,0.015261,-0.008496,-0.000495,-0.000328,-0.000309
-0.052432,0.042461,-0.022974,-0.001007,-0.000945,-0.000719
-0.095333,0.078707,-0.041986,-0.001714,-0.002503,-0.001204
-0.137185,0.113868,-0.060007,-0.002541,-0.004760,-0.001396
-0.170111,0.140813,-0.072935,-0.003024,-0.005940,-0.001321
-0.189958,0.157935,-0.079435,-0.001915,-0.002792,-0.001400
-0.195815,0.165253,-0.080067,0.002062,0.008271,-0.002232
-0.189068,0.160351,-0.077028,0.008292,0.028773,-0.004450
-0.172482,0.143019,-0.076364,0.014087,0.056145,-0.008084
-0.152068,0.121074,-0.085952,0.017521,0.083688,-0.012393
-0.136605,0.105439,-0.108323,0.019548,0.103513,-0.017027
-0.130147,0.099158,-0.139636,0.022123,0.111658,-0.022277
-0.128134,0.096399,-0.174019,0.024893,0.109401,-0.028060
-0.124525,0.091936,-0.205321,0.025651,0.100666,-0.033915
-0.117422,0.085842,-0.228844,0.024225,0.090767,-0.039631
-0.105364,0.079652,-0.242894,0.023274,0.084096,-0.044755
-0.087146,0.073310,-0.248020,0.024770,0.080078,-0.047996
-0.065194,0.067155,-0.246681,0.027973,0.072681,-0.047740
-0.043665,0.060713,-0.243332,0.030614,0.055547,-0.043013
-0.027529,0.051277,-0.243239,0.031029,0.028527,-0.034534
-0.020637,0.040313,-0.248405,0.029564,-0.001857,-0.024331
-0.021001,0.034277,-0.254384,0.027312,-0.028734,-0.013263
-0.026593,0.038059,-0.258477,0.022272,-0.044310,-0.002015
-0.039484,0.052108,-0.269373,0.009573,-0.036172,0.005356
-0.054030,0.070432,-0.292678,-0.009063,-0.003605,0.005314
-0.059341,0.082768,-0.314802,-0.021265,0.032335,0.000326
-0.054509,0.082843,-0.318925,-0.018319,0.052567,-0.004366
-0.043014,0.073626,-0.303465,-0.004466,0.058630,-0.005357
-0.025014,0.064672,-0.277783,0.011781,0.061800,-0.002007
-0.003623,0.061649,-0.251559,0.022987,0.065150,0.003800
0.014028,0.061982,-0.230598,0.025600,0.062487,0.009478
0.020457,0.060810,-0.215740,0.022503,0.052067,0.013197
0.012588,0.054848,-0.205006,0.017390,0.039190,0.013909
-0.003029,0.044836,-0.199331,0.012091,0.027288,0.011878
-0.015270,0.034693,-0.202352,0.007671,0.016469,0.008434
-0.016876,0.026735,-0.216955,0.004082,0.006489,0.004800
-0.008103,0.021479,-0.240947,0.001110,-0.001942,0.001758
0.005087,0.019639,-0.265205,-0.000989,-0.007382,-0.000150
0.017180,0.021466,-0.281149,-0.001995,-0.009205,-0.000229
0.024166,0.025494,-0.286528,-0.002058,-0.008229,0.001980
0.023000,0.029370,-0.283660,-0.001544,-0.005927,0.005390
0.015137,0.031407,-0.276620,-0.000828,-0.003463,0.007807
0.005748,0.031259,-0.269237,-0.000160,-0.001431,0.007829
-0.001406,0.029946,-0.263757,0.000373,-0.000041,0.005492
-0.005466,0.028507,-0.261231,0.000809,0.000762,0.001988
-0.006530,0.027116,-0.261544,0.001332,0.001212,-0.001139
-0.004510,0.025705,-0.262683,0.002082,0.001473,-0.002963
-0.000433,0.024270,-0.263105,0.002894,0.001525,-0.003356
0.003577,0.021930,-0.262949,0.003807,0.001363,-0.002597
0.006700,0.017029,-0.261882,0.005455,0.001116,-0.001067
0.009209,0.009620,-0.260926,0.008448,0.000966,0.000745
0.010575,0.001663,-0.262732,0.012979,0.000714,0.002375
0.010157,-0.004101,-0.265819,0.017994,-0.000748,0.003410
0.008507,-0.005061,-0.264459,0.020637,-0.004262,0.003340
0.006335,-0.001372,-0.255060,0.018212,-0.008061,0.001911
0.004465,0.004263,-0.239962,0.010284,-0.008215,-0.000227
0.003280,0.011348,-0.225811,-0.000720,-0.002891,-0.001863
0.001364,0.020870,-0.218373,-0.010206,0.004887,-0.002382
-0.001427,0.028411,-0.219766,-0.014597,0.010440,-0.001926
-0.002740,0.031030,-0.228928,-0.013770,0.011783,-0.000610
-0.001425,0.032646,-0.242135,-0.009821,0.009743,0.001390
0.001524,0.030587,-0.254886,-0.005068,0.006117,0.003373
0.005436,0.018368,-0.264230,-0.001160,0.002503,0.004790
0.010243,0.000141,-0.269275,0.001196,-0.000157,0.005461
0.014658,-0.014268,-0.270510,0.002051,-0.001585,0.005143
0.016907,-0.019713,-0.269228,0.001863,-0.001961,0.003925
0.016580,-0.016979,-0.267003,0.001176,-0.001671,0.002327
0.014547,-0.009750,-0.264994,0.000425,-0.001107,0.000865
0.012001,-0.001776,-0.263729,-0.000139,-0.000557,-0.000156
0.009825,0.004480,-0.263292,-0.000435,-0.000177,-0.000669
0.008396,0.008074,-0.263497,-0.000499,-0.000003,-0.000767
0.007740,0.009222,-0.264047,-0.000421,0.000009,-0.000615
0.007694,0.008736,-0.264643,-0.000289,-0.000066,-0.000372
0.007989,0.007511,-0.265071,-0.000164,-0.000164,-0.000149
0.008352,0.006261,-0.265267,-0.000077,-0.000244,-0.000001
0.008639,0.005403,-0.265276,-0.000032,-0.000292,0.000058
0.008817,0.005035,-0.265172,-0.000022,-0.000310,0.000046
0.008883,0.005031,-0.265018,-0.000041,-0.000305,-0.000002
0.008863,0.005202,-0.264860,-0.000075,-0.000287,-0.000055
0.008831,0.005387,-0.264742,-0.000107,-0.000268,-0.000096
0.008842,0.005493,-0.264700,-0.000124,-0.000256,-0.000123
0.008893,0.005515,-0.264735,-0.000125,-0.000249,-0.000136
0.008972,0.005486,-0.264830,-0.000115,-0.000246,-0.000138
0.009068,0.005429,-0.264955,-0.000105,-0.000243,-0.000133
0.009144,0.005374,-0.265057,-0.000100,-0.000241,-0.000126
0.009161,0.005357,-0.265108,-0.000100,-0.000242,-0.000122
0.009131,0.005396,-0.265122,-0.000101,-0.000245,-0.000122
0.009101,0.005482,-0.265089,-0.000103,-0.000249,-0.000125
0.009094,0.005592,-0.264994,-0.000103,-0.000248,-0.000128
0.009119,0.005696,-0.264861,-0.000103,-0.000244,-0.000129
0.009170,0.005759,-0.264735,-0.000107,-0.000240,-0.000128
0.009212,0.005761,-0.264656,-0.000114,-0.000243,-0.000125
0.009216,0.005722,-0.264633,-0.000119,-0.000249,-0.000125
0.009175,0.005650,-0.264659,-0.000118,-0.000253,-0.000125
0.009099,0.005548,-0.264736,-0.000112,-0.000251,-0.000125
0.009015,0.005453,-0.264832,-0.000107,-0.000247,-0.000120
0.008954,0.005395,-0.264893,-0.000107,-0.000248,-0.000112
0.008939,0.005387,-0.264889,-0.000111,-0.000255,-0.000107
0.008953,0.005426,-0.264828,-0.000112,-0.000262,-0.000108
0.008972,0.005477,-0.264744,-0.000112,-0.000265,-0.000114
0.008993,0.005510,-0.264681,-0.000112,-0.000263,-0.000120
0.009025,0.005521,-0.264660,-0.000114,-0.000256,-0.000125
0.009082,0.005523,-0.264688,-0.000116,-0.000247,-0.000127
0.009159,0.005521,-0.264750,-0.000117,-0.000241,-0.000128
0.009199,0.005511,-0.264802,-0.000120,-0.000240,-0.000126
0.009153,0.005500,-0.264823,-0.000125,-0.000244,-0.000119
0.009032,0.005494,-0.264831,-0.000128,-0.000249,-0.000105
0.008903,0.005473,-0.264844,-0.000128,-0.000255,-0.000089
0.008833,0.005423,-0.264868,-0.000126,-0.000264,-0.000079
0.008840,0.005358,-0.264911,-0.000124,-0.000275,-0.000080
0.008895,0.005313,-0.264955,-0.000120,-0.000282,-0.000090
0.008961,0.005321,-0.264941,-0.000113,-0.000277,-0.000102
0.009022,0.005389,-0.264845,-0.000104,-0.000264,-0.000116
0.009086,0.005485,-0.264717,-0.000095,-0.000250,-0.000128
0.009148,0.005559,-0.264615,-0.000090,-0.000241,-0.000136
0.009184,0.005567,-0.264583,-0.000089,-0.000238,-0.000138
0.009179,0.005489,-0.264638,-0.000092,-0.000236,-0.000133
0.009148,0.005374,-0.264742,-0.000099,-0.000233,-0.000127
0.009105,0.005309,-0.264833,-0.000109,-0.000232,-0.000122
0.009046,0.005331,-0.264885,-0.000116,-0.000234,-0.000118
0.008978,0.005408,-0.264918,-0.000119,-0.000242,-0.000112
0.008922,0.005491,-0.264976,-0.000117,-0.000251,-0.000104
0.008895,0.005535,-0.265064,-0.000114,-0.000256,-0.000100
0.008906,0.005514,-0.265132,-0.000113,-0.000253,-0.000099
0.008945,0.005442,-0.265132,-0.000112,-0.000243,-0.000103
0.008995,0.005366,-0.265062,-0.000110,-0.000233,-0.000105
0.009030,0.005334,-0.264936,-0.000108,-0.000229,-0.000107
-,-,-,-,-,-
-0.000690,-0.000092,-0.005015,-0.000289,0.000249,-0.000119
-0.003231,0.000372,-0.028468,-0.000904,0.002356,-0.000010
-0.008608,0.001873,-0.079270,-0.002052,0.007339,0.000017
-0.015192,0.004785,-0.147151,-0.003082,0.014719,-0.000379
-0.019618,0.008539,-0.212104,-0.003443,0.022813,-0.001224
-0.019173,0.011370,-0.259807,-0.003621,0.030267,-0.001809
-0.014141,0.011981,-0.285953,-0.004532,0.036734,-0.001437
-0.007579,0.011643,-0.293622,-0.006262,0.041930,-0.000756
-0.001638,0.011900,-0.289942,-0.008227,0.045622,-0.000286
0.005028,0.012825,-0.281176,-0.009983,0.049928,0.002080
0.017417,0.015167,-0.268752,-0.010684,0.057523,0.008441
0.041283,0.017988,-0.252724,-0.009600,0.065592,0.016612
0.075302,0.015838,-0.236294,-0.008753,0.066470,0.020856
0.109844,0.006053,-0.223210,-0.012323,0.054565,0.016291
0.136983,-0.003385,-0.213458,-0.022902,0.027735,0.003451
0.151398,0.001583,-0.205495,-0.040698,-0.014749,-0.010226
0.143759,0.028799,-0.202513,-0.063103,-0.066763,-0.015364
0.108766,0.070126,-0.208624,-0.082684,-0.111465,-0.008683
0.056635,0.107400,-0.219021,-0.090959,-0.133131,0.005453
0.008319,0.131209,-0.224556,-0.086459,-0.131766,0.021328
-0.023926,0.144414,-0.224819,-0.075255,-0.120383,0.036486
-0.045703,0.150483,-0.225587,-0.061261,-0.106543,0.047388
-0.062867,0.152516,-0.225965,-0.041799,-0.082711,0.046520
-0.069575,0.157495,-0.223131,-0.016321,-0.042572,0.030498
-0.060415,0.168665,-0.220683,0.009867,0.003077,0.005103
-0.044061,0.180172,-0.220763,0.031465,0.036535,-0.020385
-0.035847,0.183404,-0.220286,0.044273,0.048344,-0.038978
-0.039575,0.174799,-0.216600,0.045180,0.038539,-0.046979
-0.049864,0.159044,-0.210427,0.036046,0.012584,-0.043991
-0.064390,0.142181,-0.202918,0.021564,-0.020953,-0.033632
-0.083082,0.127002,-0.193066,0.003185,-0.052209,-0.021788
-0.103125,0.118508,-0.180677,-0.018281,-0.073733,-0.012698
-0.120561,0.120909,-0.166966,-0.037826,-0.083522,-0.007903
-0.133807,0.131625,-0.152505,-0.050080,-0.084505,-0.007466
-0.142114,0.146109,-0.137424,-0.053995,-0.081965,-0.010016
-0.145328,0.160831,-0.120977,-0.051336,-0.080237,-0.013612
-0.146884,0.170943,-0.103967,-0.044163,-0.080975,-0.016955
-0.153074,0.174010,-0.090953,-0.034685,-0.084172,-0.019051
-0.167850,0.175132,-0.083486,-0.023874,-0.088679,-0.020744
-0.186324,0.179720,-0.074766,-0.010385,-0.091241,-0.024748
-0.199703,0.183334,-0.059273,0.005974,-0.088230,-0.031342
-0.208471,0.179616,-0.042654,0.022873,-0.078892,-0.038805
-0.217362,0.170990,-0.032429,0.039534,-0.064935,-0.047955
-0.222965,0.158361,-0.026025,0.056446,-0.048451,-0.059531
-0.221045,0.135407,-0.017907,0.070308,-0.031427,-0.069590
-0.215696,0.103416,-0.009910,0.075861,-0.015667,-0.073413
-0.213012,0.073029,-0.006560,0.072091,-0.002227,-0.070081
-0.214287,0.049434,-0.008871,0.061887,0.008606,-0.060952
-0.217628,0.030520,-0.016087,0.047960,0.016535,-0.048102
-0.222406,0.015527,-0.026977,0.032051,0.021443,-0.034524
-0.229292,0.006417,-0.039334,0.016149,0.024209,-0.023182
-0.236827,0.003246,-0.051346,0.002557,0.025749,-0.015348
-0.242024,0.002806,-0.062084,-0.007464,0.025401,-0.010209
-0.244211,0.002013,-0.070515,-0.014337,0.021807,-0.006233
-0.245329,0.000354,-0.075576,-0.018928,0.015426,-0.002680
-0.245856,-0.001273,-0.076542,-0.021658,0.008582,0.000264
-0.243852,-0.001634,-0.073249,-0.022855,0.003127,0.002232
-0.238807,0.000264,-0.066184,-0.023010,-0.000641,0.003008
-0.232947,0.004227,-0.056969,-0.022575,-0.003083,0.002551
-0.228799,0.009291,-0.048255,-0.021651,-0.004507,0.001207
-0.227472,0.014732,-0.041925,-0.020279,-0.005419,-0.000192
-0.229618,0.020377,-0.038744,-0.018671,-0.006274,-0.000968
-0.235687,0.025577,-0.039254,-0.016636,-0.006728,-0.001172
-0.243455,0.028367,-0.042847,-0.013861,-0.006302,-0.000853
-0.248894,0.027107,-0.046975,-0.010806,-0.005471,0.000419
-0.250384,0.022117,-0.048694,-0.008436,-0.004886,0.002671
-0.248767,0.015453,-0.047037,-0.007517,-0.004072,0.005115
-0.244590,0.010327,-0.044087,-0.008326,-0.002040,0.006836
-0.238228,0.009552,-0.043174,-0.010516,0.000902,0.007502
-0.232021,0.013249,-0.045241,-0.013068,0.002978,0.007545
-0.229735,0.019418,-0.047490,-0.014819,0.002905,0.007625
-0.233069,0.026735,-0.046991,-0.015157,0.001365,0.008021
-0.239797,0.034331,-0.044616,-0.013967,0.000244,0.008694
-0.245633,0.040523,-0.043446,-0.011621,0.000731,0.009520
-0.247128,0.044435,-0.045088,-0.009156,0.002413,0.010212
-0.243762,0.047162,-0.048929,-0.007543,0.003857,0.010524
-0.238351,0.050524,-0.053290,-0.006830,0.003924,0.010650
-0.234477,0.055420,-0.056955,-0.006334,0.002742,0.010885
-0.233383,0.061125,-0.059801,-0.005398,0.001359,0.011064
-0.233487,0.066205,-0.062092,-0.003978,0.000580,0.010933
-0.232305,0.069796,-0.063960,-0.002648,0.000353,0.010739
-0.228836,0.071902,-0.065157,-0.002138,0.000055,0.010894
-0.224212,0.073282,-0.064969,-0.002711,-0.000750,0.011217
-0.219964,0.074794,-0.062824,-0.003916,-0.001941,0.011138
-0.216433,0.076613,-0.058787,-0.005102,-0.003317,0.010505
-0.213882,0.078613,-0.053397,-0.005946,-0.005017,0.009579
-0.213698,0.081018,-0.047283,-0.006280,-0.007006,0.008442
-0.216576,0.083978,-0.041131,-0.005735,-0.008484,0.006867
-0.221064,0.087063,-0.035829,-0.003973,-0.008453,0.004684
-0.225162,0.089514,-0.032277,-0.001180,-0.006731,0.002127
-0.227976,0.090552,-0.031048,0.001888,-0.004026,-0.000265
-0.229616,0.089856,-0.032039,0.004354,-0.001248,-0.002047
-0.230354,0.087871,-0.034459,0.005698,0.000969,-0.003106
-0.230505,0.085446,-0.037351,0.005941,0.002359,-0.003543
-0.230702,0.083280,-0.040248,0.005505,0.003066,-0.003409
-0.231135,0.081571,-0.042971,0.004821,0.003414,-0.002758
-0.231261,0.080400,-0.045039,0.004052,0.003506,-0.001809
-0.230855,0.079982,-0.046170,0.003289,0.003306,-0.000835
-0.230442,0.080071,-0.046812,0.002732,0.002980,0.000037
-0.230414,0.079995,-0.047506,0.002501,0.002851,0.000777
-0.230427,0.079501,-0.048261,0.002468,0.003016,0.001275
-0.229997,0.079072,-0.048883,0.002458,0.003159,0.001448
-0.229124,0.079111,-0.049428,0.002495,0.002891,0.001410
-0.228180,0.079327,-0.050073,0.002613,0.002151,0.001312
-0.227593,0.079483,-0.050890,0.002681,0.001178,0.001207
-0.227513,0.079893,-0.051925,0.002659,0.000254,0.001182
-0.227675,0.080765,-0.053048,0.002672,-0.000460,0.001334
-0.227827,0.081870,-0.053786,0.002801,-0.000907,0.001588
-0.227984,0.082957,-0.053863,0.003020,-0.000981,0.001754
-0.227930,0.083860,-0.053646,0.003230,-0.000586,0.001714
-0.227206,0.084344,-0.053697,0.003276,0.000052,0.001478
-0.225998,0.084473,-0.054214,0.003078,0.000551,0.001115
-0.224922,0.084502,-0.055170,0.002729,0.000842,0.000658
-0.224139,0.084336,-0.056529,0.002357,0.001006,0.000154
-0.223681,0.083792,-0.057948,0.001961,0.000952,-0.000272
-0.223810,0.082989,-0.058793,0.001492,0.000631,-0.000536
-0.224692,0.082324,-0.058721,0.001021,0.000216,-0.000651
-0.226046,0.082008,-0.058048,0.000687,-0.000104,-0.000644
-0.227349,0.081811,-0.057370,0.000486,-0.000302,-0.000522
-0.228315,0.081653,-0.057031,0.000309,-0.000411,-0.000319
-0.228786,0.081751,-0.057108,0.000139,-0.000446,-0.000113
-0.228631,0.082087,-0.057422,0.000032,-0.000453,0.000056
-0.227939,0.082470,-0.057647,-0.000010,-0.000464,0.000167
-0.226908,0.082884,-0.057642,0.000032,-0.000549,0.000164
-0.225508,0.083356,-0.057556,0.000268,-0.001005,0.000059
-0.223751,0.083702,-0.057618,0.000797,-0.002321,-0.000016
-0.222761,0.083662,-0.057610,0.001529,-0.004587,0.000084
-0.224095,0.083054,-0.056968,0.002155,-0.006882,0.000334
-,-,-,-,-,-
-0.004515,0.001265,-0.001169,-0.000021,-0.000015,-0.000137
-0.025042,0.007973,-0.006064,0.000600,0.000760,-0.000014
-0.068190,0.022025,-0.016459,0.001773,0.002733,0.000390
-0.124208,0.040437,-0.029841,0.002819,0.005893,0.001317
-0.177151,0.058909,-0.042531,0.002924,0.009630,0.002966
-0.216489,0.074299,-0.052798,0.001803,0.013404,0.005264
-0.238394,0.084095,-0.059819,-0.000624,0.017171,0.007909
-0.244480,0.088664,-0.064864,-0.003998,0.020970,0.010568
-0.240170,0.091891,-0.072732,-0.006624,0.024348,0.012800
-0.230963,0.096071,-0.085551,-0.006754,0.026819,0.014362
-0.220165,0.099818,-0.099657,-0.004692,0.028067,0.015536
-0.209242,0.101477,-0.110952,-0.002675,0.027078,0.016949
-0.198654,0.101540,-0.117458,-0.003411,0.022044,0.019696
-0.189875,0.103204,-0.118503,-0.008320,0.011724,0.024671
-0.185487,0.109903,-0.114448,-0.016036,-0.002709,0.030855
-0.185866,0.121283,-0.106253,-0.023099,-0.017256,0.035753
-0.188097,0.133962,-0.095198,-0.026721,-0.027549,0.038090
-0.189303,0.146028,-0.082922,-0.026532,-0.031574,0.038687
-0.189035,0.157423,-0.071440,-0.023574,-0.029045,0.038854
-0.187846,0.167311,-0.062812,-0.018672,-0.019177,0.039180
-0.186179,0.175540,-0.058777,-0.011961,-0.001028,0.039007
-0.183052,0.182754,-0.060398,-0.003540,0.023946,0.036968
-0.174949,0.187143,-0.067996,0.004866,0.050721,0.033205
-0.159900,0.187105,-0.081154,0.009417,0.072188,0.029720
-0.140474,0.185911,-0.097348,0.007014,0.082338,0.028089
-0.120155,0.188242,-0.111553,-0.001472,0.079559,0.028302
-0.100594,0.195025,-0.119103,-0.012318,0.066727,0.029747
-0.083473,0.205238,-0.118614,-0.021975,0.048598,0.031743
-0.071352,0.217749,-0.112338,-0.027306,0.030858,0.032821
-0.065571,0.229606,-0.104738,-0.025746,0.019751,0.031378
-0.064984,0.237842,-0.099698,-0.016751,0.019930,0.027193
-0.066243,0.241857,-0.098253,-0.001874,0.032478,0.021375
-0.064838,0.241489,-0.100079,0.015873,0.054367,0.015579
-0.056941,0.236365,-0.105805,0.032667,0.079759,0.011245
-0.040844,0.227773,-0.115781,0.045341,0.102767,0.008978
-0.016727,0.218351,-0.128067,0.052499,0.118979,0.008650
0.013781,0.209055,-0.139852,0.054021,0.125145,0.009914
0.046763,0.198747,-0.150581,0.050351,0.120085,0.012027
0.076807,0.187286,-0.161284,0.042918,0.106569,0.013500
0.099821,0.176309,-0.170926,0.034150,0.090002,0.012844
0.115407,0.167409,-0.176444,0.025906,0.074256,0.009615
0.127389,0.161713,-0.175715,0.018263,0.059096,0.004466
0.139031,0.160648,-0.169118,0.010453,0.041346,-0.001271
0.147789,0.164156,-0.160391,0.002426,0.018966,-0.006039
0.149229,0.169007,-0.154525,-0.005116,-0.006035,-0.009028
0.142888,0.173039,-0.152718,-0.011356,-0.029662,-0.010714
0.130486,0.179196,-0.152427,-0.015265,-0.049325,-0.011650
0.114177,0.190014,-0.151565,-0.015594,-0.064697,-0.011354
0.097397,0.200384,-0.149931,-0.012332,-0.078075,-0.009449
0.080338,0.203111,-0.149822,-0.007324,-0.093409,-0.007877
0.058840,0.198708,-0.154384,-0.001668,-0.112982,-0.011287
0.033532,0.191995,-0.161432,0.005254,-0.136006,-0.022443
0.008849,0.183808,-0.164208,0.013512,-0.158773,-0.036860
-0.018624,0.172132,-0.159683,0.022605,-0.175032,-0.046687
-0.056414,0.157095,-0.148899,0.032155,-0.179581,-0.048922
-0.104018,0.142143,-0.132179,0.040589,-0.171095,-0.046030
-0.153037,0.131555,-0.111046,0.045382,-0.150932,-0.041716
-0.194252,0.125754,-0.090675,0.044977,-0.122867,-0.037867
-0.223382,0.120664,-0.075540,0.039128,-0.093240,-0.033436
-0.242503,0.114397,-0.065384,0.028729,-0.067744,-0.026657
-0.256045,0.109848,-0.058345,0.016578,-0.047945,-0.018190
-0.266225,0.108781,-0.054686,0.006409,-0.032088,-0.010439
-0.271707,0.109573,-0.054999,0.000368,-0.018619,-0.005125
-0.269725,0.110357,-0.057672,-0.001699,-0.008130,-0.002428
-0.259673,0.109320,-0.060194,-0.001875,-0.002442,-0.001194
-0.243529,0.104477,-0.061920,-0.003867,-0.002500,-0.000152
-0.222834,0.096301,-0.064401,-0.011124,-0.007750,0.001063
-0.199414,0.088136,-0.070342,-0.023748,-0.017096,0.002619
-0.179025,0.083312,-0.080908,-0.037066,-0.028773,0.004823
-0.168237,0.082643,-0.091018,-0.044202,-0.039197,0.007129
-0.168253,0.084213,-0.091366,-0.041373,-0.043640,0.008158
-0.175775,0.085797,-0.077883,-0.030436,-0.039063,0.006976
-0.187013,0.087780,-0.055676,-0.015871,-0.025920,0.003894
-0.199082,0.092211,-0.033458,-0.000688,-0.007507,-0.000021
-0.210941,0.099636,-0.016690,0.014060,0.011642,-0.003731
-0.224638,0.109311,-0.005872,0.027657,0.027999,-0.006124
-0.242561,0.120482,0.000928,0.039332,0.041223,-0.006559
-0.262299,0.131580,0.004888,0.048849,0.053767,-0.006327
-0.278546,0.139641,0.005252,0.056203,0.068168,-0.007705
-0.287191,0.140410,0.000629,0.060305,0.085046,-0.011609
-0.284016,0.130707,-0.010843,0.058530,0.102654,-0.017303
-0.266287,0.112522,-0.032349,0.048732,0.117052,-0.022759
-0.237821,0.091367,-0.064609,0.031562,0.123721,-0.025066
-0.206964,0.071164,-0.102064,0.009565,0.120680,-0.022714
-0.176438,0.055014,-0.139358,-0.013987,0.108491,-0.017196
-0.142448,0.046877,-0.175354,-0.034211,0.087606,-0.010976
-0.108045,0.048338,-0.205779,-0.046377,0.059903,-0.005501
-0.083762,0.056868,-0.224773,-0.049115,0.031056,-0.001777
-0.073622,0.067008,-0.231221,-0.044991,0.006504,-0.000562
-0.075031,0.074361,-0.226741,-0.039224,-0.012925,-0.000916
-0.087011,0.080505,-0.214485,-0.036170,-0.028439,-0.000030
-0.106554,0.088879,-0.198014,-0.036471,-0.039547,0.003727
-0.125365,0.099487,-0.179866,-0.038807,-0.045395,0.009478
-0.136620,0.112413,-0.161941,-0.042172,-0.047188,0.016280
-0.138890,0.128973,-0.144933,-0.045451,-0.047559,0.023504
-0.134412,0.148551,-0.128762,-0.047011,-0.048643,0.029546
-0.127623,0.168330,-0.113996,-0.045505,-0.051313,0.032854
-0.123348,0.185457,-0.101229,-0.040579,-0.055408,0.033075
-0.124848,0.199137,-0.090355,-0.032622,-0.059732,0.030707
-0.133721,0.210063,-0.081978,-0.022200,-0.061888,0.027045
-0.148178,0.219567,-0.077943,-0.010293,-0.058687,0.023924
-0.159658,0.230236,-0.079970,0.001789,-0.047814,0.021920
-0.157350,0.241895,-0.088895,0.012957,-0.030718,0.019531
-0.139557,0.247414,-0.104501,0.021642,-0.013320,0.015158
-0.116214,0.239862,-0.124755,0.025360,-0.001421,0.008908
-0.098888,0.222138,-0.145182,0.022660,0.004426,0.002006
-0.091886,0.204255,-0.159928,0.014814,0.007876,-0.004322
-0.092966,0.193498,-0.164488,0.004732,0.011766,-0.009165
-0.098562,0.190298,-0.157115,-0.005218,0.015489,-0.012081
-0.106724,0.191823,-0.137984,-0.013979,0.015995,-0.012743
-0.117017,0.195709,-0.108924,-0.021114,0.010551,-0.010574
-0.128748,0.200647,-0.074051,-0.026070,-0.000463,-0.005847
-0.139301,0.205989,-0.039748,-0.027899,-0.013263,-0.000612
-0.145539,0.210997,-0.012745,-0.025725,-0.023503,0.002615
-0.147198,0.214836,0.002696,-0.019761,-0.028741,0.002970
-0.147097,0.217133,0.005410,-0.011455,-0.028156,0.001703
-0.147289,0.217600,-0.003296,-0.002660,-0.021604,0.000564
-0.146720,0.216169,-0.019751,0.005154,-0.009795,0.000096
-0.143574,0.213531,-0.039059,0.011343,0.005319,-0.000276
-0.138136,0.210564,-0.056982,0.015940,0.020978,-0.001170
-0.132278,0.207831,-0.071170,0.019224,0.034801,-0.002851
-0.127157,0.205408,-0.081437,0.021467,0.045457,-0.005309
-0.122556,0.202734,-0.089039,0.022588,0.052043,-0.007955
-0.117963,0.199187,-0.095589,0.022065,0.053577,-0.009701
-0.113073,0.194965,-0.102082,0.019557,0.049606,-0.009897
-0.108075,0.191066,-0.108518,0.015494,0.040883,-0.008798
-0.104584,0.188370,-0.114399,0.010937,0.029409,-0.007018
-0.104708,0.187075,-0.119413,0.007005,0.018019,-0.005065
-,-,-,-,-,-
-0.002376,0.002978,-0.002729,-0.000158,-0.000213,-0.000186
-0.013083,0.017968,-0.014991,-0.000162,-0.000461,-0.000312
-0.036363,0.050214,-0.041247,-0.000133,-0.000838,-0.000518
-0.067777,0.093316,-0.076163,-0.000032,-0.000987,-0.000692
-0.098247,0.135184,-0.109883,0.000112,-0.000735,-0.000755
-0.120799,0.166843,-0.135204,0.000194,-0.000345,-0.000701
-0.133124,0.184944,-0.149560,0.000159,-0.000091,-0.000596
-0.136727,0.190940,-0.154258,0.000068,-0.000002,-0.000529
-0.134873,0.188891,-0.152677,0.000007,-0.000030,-0.000514
-0.130982,0.183246,-0.148444,-0.000006,-0.000125,-0.000513
-0.127479,0.177465,-0.144289,0.000026,-0.000173,-0.000498
-0.125241,0.173316,-0.141650,0.000100,-0.000058,-0.000456
-0.123967,0.171095,-0.140877,0.000152,0.000185,-0.000436
-0.123127,0.170527,-0.141629,0.000070,0.000335,-0.000513
-0.122173,0.171040,-0.143352,-0.000201,0.000079,-0.000708
-0.120096,0.171607,-0.145605,-0.000785,-0.001196,-0.000978
-0.116409,0.171403,-0.147669,-0.002042,-0.004481,-0.001253
-0.112777,0.170630,-0.148353,-0.004240,-0.010283,-0.001489
-0.111839,0.169868,-0.146721,-0.007322,-0.018141,-0.001737
-0.113834,0.169003,-0.142492,-0.011363,-0.027909,-0.002114
-0.116496,0.167743,-0.134612,-0.017116,-0.040958,-0.002521
-0.119896,0.166843,-0.119894,-0.025637,-0.058467,-0.002468
-0.126676,0.167983,-0.095652,-0.036633,-0.078492,-0.001515
-0.136046,0.172085,-0.062356,-0.047821,-0.096859,0.000283
-0.144327,0.178426,-0.022457,-0.056527,-0.110362,0.002614
-0.149886,0.185807,0.019929,-0.060670,-0.117169,0.005099
-0.151773,0.192618,0.059230,-0.058923,-0.116578,0.007126
-0.148125,0.196432,0.091324,-0.051867,-0.110166,0.008204
-0.138823,0.196004,0.115272,-0.042114,-0.101262,0.008501
-0.125168,0.192085,0.132557,-0.032546,-0.093320,0.008567
-0.108120,0.186088,0.145689,-0.025187,-0.089286,0.008737
-0.088779,0.179468,0.156885,-0.020993,-0.090704,0.009069
-0.068209,0.173391,0.167479,-0.019759,-0.096935,0.009752
-0.047238,0.168885,0.178041,-0.020268,-0.105170,0.010961
-0.025507,0.166354,0.188440,-0.020891,-0.111652,0.012258
-0.002634,0.165078,0.197770,-0.020553,-0.114241,0.013120
0.017669,0.165123,0.204951,-0.018648,-0.111708,0.013569
0.032251,0.166701,0.208777,-0.014450,-0.101479,0.013276
0.044928,0.167638,0.207475,-0.007948,-0.082783,0.011344
0.059467,0.165865,0.200461,-0.000626,-0.059664,0.007656
0.072825,0.162394,0.190009,0.005655,-0.036882,0.003067
0.080465,0.159462,0.179890,0.010182,-0.015148,-0.001902
0.081638,0.158304,0.172749,0.013436,0.007467,-0.007595
0.077491,0.159240,0.168919,0.016261,0.031741,-0.014443
0.068699,0.162537,0.167575,0.019592,0.056675,-0.022035
0.055568,0.168957,0.168237,0.024606,0.080771,-0.029232
0.037973,0.178746,0.170367,0.032284,0.102788,-0.035269
0.015566,0.190255,0.171529,0.042601,0.122314,-0.040322
-0.010732,0.200845,0.167746,0.054098,0.139070,-0.044914
-0.038375,0.208931,0.156548,0.064204,0.151172,-0.049061
-0.064767,0.213800,0.137706,0.070596,0.156124,-0.052123
-0.088258,0.213939,0.111004,0.072419,0.153773,-0.053441
-0.108720,0.208082,0.075849,0.069981,0.146501,-0.052864
-0.127012,0.197590,0.033975,0.064181,0.137240,-0.050649
-0.141827,0.185512,-0.009731,0.056516,0.128139,-0.047337
-0.149417,0.173746,-0.050470,0.048643,0.119981,-0.043821
-0.148053,0.162610,-0.086731,0.041871,0.112588,-0.040910
-0.140139,0.152032,-0.119645,0.037185,0.106060,-0.038606
-0.129639,0.141588,-0.149893,0.034978,0.101417,-0.036294
-0.119070,0.130769,-0.176642,0.034818,0.100314,-0.033729
-0.108840,0.120134,-0.199113,0.036533,0.104871,-0.031358
-0.096897,0.109878,-0.215784,0.040463,0.116063,-0.029791
-0.077935,0.098191,-0.223189,0.044794,0.129798,-0.028994
-0.046560,0.084608,-0.221481,0.045230,0.137285,-0.027503
-0.003722,0.071602,-0.217644,0.039354,0.131790,-0.023273
0.041135,0.060570,-0.219036,0.028882,0.113730,-0.015866
0.077015,0.050759,-0.227750,0.017479,0.089695,-0.007004
0.100562,0.041918,-0.240878,0.008095,0.067275,0.000901
0.114813,0.035125,-0.253646,0.001689,0.050443,0.006276
0.122923,0.032107,-0.262595,-0.002132,0.039614,0.008971
0.128411,0.033355,-0.266094,-0.003954,0.033346,0.009872
0.134511,0.036658,-0.263851,-0.004486,0.028993,0.009911
0.141158,0.039140,-0.257522,-0.004471,0.024345,0.009174
0.147596,0.039513,-0.249629,-0.004571,0.018448,0.007164
0.153772,0.038212,-0.241938,-0.005589,0.010723,0.003867
0.158273,0.036528,-0.235735,-0.008117,0.001202,-0.000170
0.160821,0.035486,-0.231099,-0.012477,-0.009907,-0.004432
0.161845,0.036328,-0.226810,-0.019425,-0.023709,-0.008502
0.156715,0.041935,-0.222641,-0.029528,-0.040926,-0.011990
0.139350,0.054950,-0.219629,-0.041253,-0.059006,-0.014499
0.111054,0.074053,-0.217971,-0.051107,-0.073396,-0.015654
0.079214,0.094855,-0.216241,-0.056554,-0.081553,-0.015306
0.049794,0.114287,-0.213011,-0.057628,-0.084204,-0.013582
0.024352,0.131768,-0.208518,-0.055113,-0.082791,-0.011040
0.002108,0.146847,-0.203988,-0.049036,-0.077603,-0.008678
-0.017143,0.158270,-0.200525,-0.039946,-0.068932,-0.007119
-0.031985,0.165084,-0.198447,-0.030057,-0.058748,-0.006224
-0.041167,0.167884,-0.196556,-0.021997,-0.050160,-0.005850
-0.046143,0.168761,-0.193270,-0.016782,-0.045175,-0.006209
-0.050579,0.169623,-0.188290,-0.013577,-0.043564,-0.007475
-0.056771,0.171222,-0.181961,-0.010840,-0.043936,-0.009769
-0.064569,0.173154,-0.174475,-0.007288,-0.045323,-0.013151
-0.074135,0.174055,-0.166331,-0.002479,-0.047617,-0.017205
-0.086667,0.172839,-0.158163,0.003317,-0.050759,-0.021389
-0.102090,0.169591,-0.150274,0.010047,-0.053992,-0.025751
-0.118797,0.163960,-0.142978,0.018107,-0.056442,-0.030444
-0.136023,0.154190,-0.136970,0.027120,-0.058025,-0.034638
-0.154283,0.139456,-0.132831,0.035128,-0.059207,-0.036489
-0.172740,0.121434,-0.130131,0.039600,-0.060567,-0.034821
-0.188746,0.103288,-0.127376,0.038980,-0.062939,-0.030261
-0.202150,0.088443,-0.122889,0.033168,-0.066591,-0.023847
-0.215883,0.079327,-0.115716,0.023552,-0.069662,-0.016268
-0.229867,0.076495,-0.105667,0.012910,-0.069211,-0.008804
-0.240654,0.078565,-0.093036,0.004027,-0.064232,-0.002734
-0.247241,0.083030,-0.078731,-0.001937,-0.055737,0.001736
-0.251064,0.087888,-0.064348,-0.005205,-0.044204,0.004752
-0.252315,0.092201,-0.051889,-0.006302,-0.029223,0.006189
-0.250023,0.095419,-0.043302,-0.005845,-0.011401,0.006159
-0.244165,0.097219,-0.039857,-0.004724,0.007021,0.005313
-0.235958,0.098007,-0.041514,-0.003798,0.023238,0.004534
-0.226767,0.098823,-0.047027,-0.003369,0.034881,0.004454
-0.217813,0.100197,-0.055048,-0.003169,0.040698,0.005104
-0.210339,0.101640,-0.064722,-0.002897,0.041053,0.005962
-0.205113,0.102572,-0.075166,-0.002518,0.037726,0.006340
-0.201880,0.103105,-0.085311,-0.002099,0.032872,0.005796
-0.199672,0.103689,-0.094433,-0.001621,0.027915,0.004429
-0.198072,0.104387,-0.102272,-0.001114,0.023338,0.002779
-0.197946,0.105021,-0.108844,-0.000710,0.019518,0.001433
-0.199933,0.105635,-0.114430,-0.000392,0.017466,0.000702
-0.202569,0.106188,-0.119346,0.000029,0.018198,0.000448
-0.203299,0.106426,-0.123931,0.000615,0.021578,0.000286
-0.200737,0.106335,-0.128672,0.001236,0.026233,0.000057
-0.195107,0.106105,-0.133776,0.001736,0.030385,-0.000116
-0.187453,0.105840,-0.138991,0.002017,0.032685,-0.000176
-0.179081,0.105544,-0.144108,0.002091,0.032659,-0.000223
-0.171225,0.105202,-0.149164,0.002096,0.030721,-0.000404
-0.164644,0.104812,-0.154112,0.002181,0.027783,-0.000833
-0.159698,0.104329,-0.158905,0.002366,0.024804,-0.001466
-,-,-,-,-,-
-0.001547,0.001358,-0.003953,-0.000859,-0.001192,-0.000460
-0.008133,0.008850,-0.021550,-0.004485,-0.006489,-0.001996
-0.022987,0.026187,-0.057599,-0.012962,-0.018824,-0.005524
-0.046224,0.052438,-0.102073,-0.025201,-0.036720,-0.010648
-0.075975,0.082843,-0.139464,-0.037612,-0.055198,-0.016225
-0.108161,0.111480,-0.159838,-0.046629,-0.069348,-0.021304
-0.137017,0.133111,-0.160764,-0.050433,-0.076995,-0.025510
-0.157752,0.144490,-0.145250,-0.049446,-0.079571,-0.029050
-0.169440,0.144918,-0.119134,-0.045857,-0.080846,-0.032375
-0.176152,0.136254,-0.088140,-0.042501,-0.084091,-0.035739
-0.183520,0.123039,-0.055506,-0.041208,-0.089854,-0.038929
-0.193975,0.111389,-0.021989,-0.041476,-0.096092,-0.041224
-0.206373,0.104650,0.011822,-0.040937,-0.099740,-0.041996
-0.218507,0.100783,0.043777,-0.037333,-0.098348,-0.041263
-0.228373,0.096100,0.071124,-0.030267,-0.091543,-0.039200
-0.233791,0.089485,0.092599,-0.021094,-0.081454,-0.035843
-0.232609,0.081815,0.109022,-0.011503,-0.071794,-0.031451
-0.225234,0.073738,0.121989,-0.003040,-0.066123,-0.026178
-0.215231,0.066095,0.132925,0.002751,-0.065890,-0.019800
-0.204586,0.060944,0.142859,0.005157,-0.070079,-0.012515
-0.191466,0.059841,0.152079,0.004938,-0.077000,-0.005097
-0.175345,0.061662,0.161122,0.003437,-0.085345,0.002096
-0.160147,0.063672,0.171748,0.001338,-0.092359,0.008883
-0.149498,0.065062,0.185133,-0.001101,-0.092616,0.014271
-0.142243,0.067280,0.199605,-0.002867,-0.081476,0.017196
-0.134691,0.070839,0.211759,-0.002230,-0.059056,0.017695
-0.124418,0.074654,0.218666,0.001969,-0.029806,0.016539
-0.111024,0.078053,0.218529,0.009665,-0.000002,0.014489
-0.096774,0.081380,0.211692,0.019896,0.024544,0.011907
-0.086177,0.084875,0.200863,0.030985,0.040605,0.008509
-0.082025,0.088253,0.189450,0.040457,0.048380,0.003862
-0.083485,0.091914,0.181123,0.045738,0.050789,-0.001821
-0.089136,0.096974,0.178578,0.045768,0.052666,-0.007638
-0.100084,0.102685,0.179721,0.042141,0.059743,-0.012486
-0.118678,0.106244,0.177170,0.038139,0.075837,-0.015924
-0.144572,0.106409,0.163189,0.036882,0.100056,-0.018793
-0.174508,0.104311,0.136537,0.040144,0.128450,-0.022693
-0.203303,0.100262,0.104153,0.046491,0.157534,-0.029278
-0.221347,0.092339,0.072078,0.049876,0.183645,-0.038950
-0.220757,0.083760,0.031435,0.045044,0.199767,-0.049060
-0.208092,0.085137,-0.034275,0.035135,0.197680,-0.055561
-0.196118,0.096895,-0.117996,0.027407,0.175930,-0.056880
-0.186593,0.106209,-0.192826,0.024465,0.141784,-0.053872
-0.175512,0.104996,-0.244912,0.023957,0.104661,-0.047171
-0.163122,0.093726,-0.273992,0.022295,0.070469,-0.037000
-0.151615,0.077062,-0.281805,0.017942,0.040916,-0.024398
-0.142767,0.061888,-0.273597,0.012093,0.015928,-0.011044
-0.136797,0.051421,-0.257345,0.006894,-0.004337,0.001683
-0.132343,0.042059,-0.239877,0.004195,-0.018626,0.012998
-0.130107,0.029862,-0.225326,0.003885,-0.024596,0.022140
-0.130873,0.020799,-0.215614,0.003803,-0.021269,0.027950
-0.130613,0.026417,-0.210989,0.003641,-0.012608,0.029269
-0.125039,0.045809,-0.210752,0.006619,-0.006757,0.025361
-0.117329,0.064469,-0.213645,0.015353,-0.010487,0.017210
-0.115906,0.070323,-0.216355,0.027661,-0.024260,0.008215
-0.125471,0.060825,-0.213896,0.037397,-0.041522,0.001387
-0.144072,0.040104,-0.204136,0.039033,-0.053359,-0.002773
-0.165689,0.016696,-0.190118,0.031648,-0.055007,-0.005029
-0.183462,-0.000236,-0.176719,0.018757,-0.047329,-0.006145
-0.193871,-0.007487,-0.166604,0.005059,-0.033044,-0.006602
-0.198337,-0.008283,-0.159298,-0.005780,-0.014351,-0.006515
-0.200487,-0.006439,-0.153875,-0.012115,0.006370,-0.005599
-0.201317,-0.002648,-0.151894,-0.014451,0.026268,-0.003188
-0.196463,0.003288,-0.155755,-0.013573,0.042487,0.000651
-0.181457,0.008096,-0.166194,-0.009662,0.053362,0.003807
-0.159095,0.008165,-0.182123,-0.003985,0.060059,0.004181
-0.137616,0.004538,-0.200004,0.000597,0.065492,0.001906
-0.121867,-0.000130,-0.217060,0.001018,0.071212,-0.002364
-0.107917,-0.003228,-0.234557,-0.003963,0.075871,-0.008391
-0.090165,-0.003072,-0.251321,-0.011707,0.076317,-0.014702
-0.069060,-0.001816,-0.261928,-0.016729,0.070396,-0.018585
-0.049680,-0.002640,-0.265218,-0.015269,0.058885,-0.018309
-0.040212,-0.006006,-0.264102,-0.008430,0.045395,-0.014487
-0.045395,-0.008877,-0.259365,-0.000666,0.034705,-0.009651
-0.059404,-0.007525,-0.249960,0.004294,0.030854,-0.006448
-0.067699,-0.003064,-0.233580,0.004813,0.034115,-0.005407
-0.057358,-0.000670,-0.208373,0.000898,0.038507,-0.004860
-0.029805,-0.002336,-0.183001,-0.004577,0.037112,-0.003280
0.004260,-0.004754,-0.176090,-0.007840,0.028791,-0.000898
0.035092,-0.004883,-0.195725,-0.007867,0.016966,0.001186
0.053834,-0.002818,-0.230220,-0.005769,0.005816,0.002320
0.056485,0.000203,-0.262238,-0.002995,-0.001907,0.002450
0.046807,0.003112,-0.282109,-0.000647,-0.005554,0.001882
0.031839,0.005246,-0.288745,0.000786,-0.005935,0.001044
0.017664,0.006427,-0.285748,0.001299,-0.004440,0.000277
0.007721,0.006789,-0.278131,0.001161,-0.002374,-0.000239
0.002839,0.006610,-0.270122,0.000709,-0.000615,-0.000476
0.002074,0.006208,-0.264199,0.000222,0.000451,-0.000497
0.003728,0.005836,-0.261137,-0.000134,0.000824,-0.000397
0.006172,0.005607,-0.260525,-0.000311,0.000711,-0.000263
0.008314,0.005519,-0.261401,-0.000343,0.000367,-0.000152
0.009692,0.005527,-0.262815,-0.000292,-0.000004,-0.000087
0.010265,0.005578,-0.264116,-0.000214,-0.000283,-0.000066
0.010195,0.005600,-0.264997,-0.000144,-0.000429,-0.000073
0.009758,0.005557,-0.265409,-0.000099,-0.000457,-0.000091
0.009249,0.005495,-0.265444,-0.000083,-0.000413,-0.000107
0.008866,0.005490,-0.265246,-0.000087,-0.000341,-0.000116
0.008676,0.005563,-0.264952,-0.000097,-0.000273,-0.000121
0.008652,0.005681,-0.264672,-0.000103,-0.000227,-0.000121
0.008743,0.005786,-0.264504,-0.000105,-0.000210,-0.000118
0.008895,0.005833,-0.264491,-0.000107,-0.000219,-0.000114
0.009045,0.005828,-0.264590,-0.000107,-0.000238,-0.000109
0.009139,0.005805,-0.264726,-0.000106,-0.000253,-0.000108
0.009156,0.005768,-0.264842,-0.000103,-0.000258,-0.000112
0.009116,0.005714,-0.264895,-0.000101,-0.000253,-0.000118
0.009074,0.005680,-0.264860,-0.000101,-0.000243,-0.000126
0.009064,0.005692,-0.264768,-0.000101,-0.000237,-0.000132
0.009072,0.005747,-0.264689,-0.000101,-0.000239,-0.000135
0.009092,0.005818,-0.264657,-0.000100,-0.000248,-0.000135
0.009137,0.005854,-0.264679,-0.000101,-0.000260,-0.000132
0.009197,0.005826,-0.264755,-0.000110,-0.000269,-0.000129
0.009236,0.005746,-0.264825,-0.000120,-0.000274,-0.000126
0.009256,0.005640,-0.264822,-0.000126,-0.000274,-0.000126
0.009270,0.005554,-0.264763,-0.000126,-0.000267,-0.000126
0.009270,0.005539,-0.264702,-0.000123,-0.000257,-0.000124
0.009238,0.005588,-0.264650,-0.000119,-0.000250,-0.000120
0.009167,0.005650,-0.264611,-0.000115,-0.000247,-0.000111
0.009073,0.005691,-0.264613,-0.000114,-0.000249,-0.000102
0.008999,0.005710,-0.264670,-0.000115,-0.000254,-0.000099
0.008961,0.005717,-0.264757,-0.000120,-0.000257,-0.000102
0.008958,0.005725,-0.264821,-0.000125,-0.000257,-0.000109
0.008983,0.005728,-0.264830,-0.000128,-0.000255,-0.000117
0.009007,0.005702,-0.264801,-0.000128,-0.000254,-0.000124
0.009006,0.005642,-0.264758,-0.000126,-0.000254,-0.000127
0.008984,0.005580,-0.264709,-0.000122,-0.000253,-0.000126
0.008955,0.005544,-0.264644,-0.000116,-0.000254,-0.000120
0.008923,0.005538,-0.264563,-0.000110,-0.000255,-0.000114
0.008904,0.005567,-0.264513,-0.000106,-0.000258,-0.000111
0.000015,-0.000057,-0.004936,-0.000154,-0.000156,-0.000154
0.000823,0.000421,-0.027700,-0.000151,-0.000161,-0.000151
0.002547,0.001473,-0.076469,-0.000143,-0.000174,-0.000141
0.004834,0.002911,-0.141484,-0.000128,-0.000193,-0.000127
0.007031,0.004319,-0.204539,-0.000112,-0.000214,-0.000117
0.008660,0.005369,-0.252201,-0.000102,-0.000231,-0.000113
0.009568,0.005956,-0.279622,-0.000101,-0.000243,-0.000115
0.009863,0.006159,-0.289031,-0.000107,-0.000249,-0.000120
0.009757,0.006131,-0.286387,-0.000114,-0.000252,-0.000126
0.009463,0.006007,-0.278237,-0.000122,-0.000256,-0.000131
0.009152,0.005875,-0.269653,-0.000127,-0.000263,-0.000134
0.008918,0.005791,-0.263441,-0.000128,-0.000269,-0.000135
0.008782,0.005764,-0.260381,-0.000128,-0.000273,-0.000136
0.008739,0.005758,-0.259959,-0.000129,-0.000275,-0.000134
0.008777,0.005742,-0.261109,-0.000132,-0.000272,-0.000130
0.008884,0.005706,-0.262775,-0.000131,-0.000265,-0.000126
0.009031,0.005652,-0.264229,-0.000124,-0.000255,-0.000124
0.009175,0.005613,-0.265138,-0.000111,-0.000242,-0.000121
0.009275,0.005625,-0.265492,-0.000101,-0.000233,-0.000114
0.009308,0.005677,-0.265463,-0.000099,-0.000229,-0.000107
0.009275,0.005725,-0.265253,-0.000101,-0.000233,-0.000103
0.009184,0.005728,-0.264983,-0.000102,-0.000242,-0.000103
0.009077,0.005688,-0.264725,-0.000098,-0.000252,-0.000106
0.009020,0.005638,-0.264557,-0.000089,-0.000264,-0.000107
0.009040,0.005608,-0.264522,-0.000080,-0.000274,-0.000104
0.009093,0.005617,-0.264570,-0.000070,-0.000280,-0.000101
0.009128,0.005659,-0.264577,-0.000065,-0.000284,-0.000100
0.009132,0.005703,-0.264482,-0.000069,-0.000285,-0.000099
0.009108,0.005725,-0.264388,-0.000080,-0.000282,-0.000098
0.009082,0.005722,-0.264421,-0.000091,-0.000276,-0.000096
0.009093,0.005711,-0.264563,-0.000099,-0.000269,-0.000090
0.009140,0.005707,-0.264726,-0.000104,-0.000264,-0.000081
0.009181,0.005708,-0.264854,-0.000105,-0.000260,-0.000073
0.009183,0.005716,-0.264929,-0.000104,-0.000257,-0.000069
0.009141,0.005740,-0.264945,-0.000105,-0.000254,-0.000074
0.009066,0.005767,-0.264921,-0.000111,-0.000253,-0.000085
0.008987,0.005778,-0.264881,-0.000119,-0.000254,-0.000097
0.008940,0.005771,-0.264805,-0.000123,-0.000256,-0.000101
0.008938,0.005744,-0.264677,-0.000120,-0.000257,-0.000092
0.008958,0.005707,-0.264559,-0.000112,-0.000254,-0.000078
0.008976,0.005698,-0.264539,-0.000106,-0.000248,-0.000071
0.008976,0.005736,-0.264621,-0.000107,-0.000246,-0.000075
0.008966,0.005811,-0.264740,-0.000114,-0.000247,-0.000087
0.008983,0.005880,-0.264846,-0.000119,-0.000249,-0.000099
0.009053,0.005893,-0.264921,-0.000118,-0.000249,-0.000106
0.009134,0.005848,-0.264975,-0.000113,-0.000249,-0.000110
0.009167,0.005776,-0.265008,-0.000105,-0.000248,-0.000113
0.009154,0.005686,-0.264981,-0.000101,-0.000247,-0.000116
0.009120,0.005578,-0.264869,-0.000103,-0.000247,-0.000118
0.009079,0.005472,-0.264729,-0.000109,-0.000245,-0.000114
0.009051,0.005400,-0.264642,-0.000117,-0.000241,-0.000105
0.009049,0.005392,-0.264609,-0.000122,-0.000238,-0.000100
0.009053,0.005450,-0.264585,-0.000122,-0.000238,-0.000101
0.009037,0.005536,-0.264552,-0.000120,-0.000242,-0.000106
0.009004,0.005610,-0.264514,-0.000116,-0.000249,-0.000111
0.008982,0.005654,-0.264470,-0.000109,-0.000255,-0.000113
0.008970,0.005667,-0.264428,-0.000103,-0.000258,-0.000109
0.008953,0.005672,-0.264417,-0.000104,-0.000257,-0.000104
0.008940,0.005684,-0.264475,-0.000113,-0.000256,-0.000099
0.008947,0.005698,-0.264602,-0.000126,-0.000256,-0.000096
0.008975,0.005704,-0.264742,-0.000135,-0.000258,-0.000092
0.009009,0.005697,-0.264870,-0.000137,-0.000264,-0.000088
0.009031,0.005667,-0.264994,-0.000128,-0.000270,-0.000084
0.009028,0.005623,-0.265075,-0.000114,-0.000276,-0.000081
0.009020,0.005596,-0.265062,-0.000103,-0.000279,-0.000081
0.009033,0.005601,-0.264973,-0.000102,-0.000278,-0.000086
0.009054,0.005619,-0.264867,-0.000109,-0.000276,-0.000093
0.009047,0.005627,-0.264776,-0.000117,-0.000271,-0.000099
0.009006,0.005612,-0.264712,-0.000122,-0.000261,-0.000102
0.008961,0.005577,-0.264661,-0.000117,-0.000249,-0.000103
0.008938,0.005548,-0.264597,-0.000105,-0.000240,-0.000102
0.008944,0.005553,-0.264550,-0.000092,-0.000235,-0.000099
0.008977,0.005591,-0.264581,-0.000086,-0.000234,-0.000097
0.009013,0.005630,-0.264685,-0.000093,-0.000236,-0.000097
0.009018,0.005630,-0.264794,-0.000108,-0.000241,-0.000099
0.008993,0.005588,-0.264864,-0.000118,-0.000247,-0.000103
0.008967,0.005553,-0.264881,-0.000115,-0.000256,-0.000109
0.008966,0.005551,-0.264835,-0.000104,-0.000264,-0.000114
0.009012,0.005567,-0.264749,-0.000091,-0.000271,-0.000116
0.009096,0.005578,-0.264671,-0.000084,-0.000271,-0.000118
0.009159,0.005584,-0.264621,-0.000084,-0.000261,-0.000122
0.009175,0.005591,-0.264602,-0.000089,-0.000245,-0.000126
0.009163,0.005593,-0.264608,-0.000096,-0.000230,-0.000129
0.009129,0.005597,-0.264610,-0.000103,-0.000221,-0.000127
0.009077,0.005630,-0.264603,-0.000106,-0.000221,-0.000121
0.009037,0.005687,-0.264641,-0.000103,-0.000225,-0.000114
0.009027,0.005723,-0.264741,-0.000101,-0.000230,-0.000108
0.009044,0.005690,-0.264832,-0.000105,-0.000233,-0.000102
0.009087,0.005595,-0.264851,-0.000111,-0.000236,-0.000095
0.009137,0.005495,-0.264828,-0.000117,-0.000240,-0.000093
0.009153,0.005436,-0.264822,-0.000118,-0.000247,-0.000095
0.009127,0.005427,-0.264843,-0.000117,-0.000250,-0.000099
0.009078,0.005439,-0.264867,-0.000115,-0.000248,-0.000104
0.009018,0.005440,-0.264874,-0.000115,-0.000242,-0.000107
0.008947,0.005437,-0.264870,-0.000121,-0.000235,-0.000108
0.008885,0.005462,-0.264869,-0.000129,-0.000231,-0.000105
0.008860,0.005523,-0.264849,-0.000133,-0.000229,-0.000099
0.008877,0.005605,-0.264786,-0.000127,-0.000231,-0.000095
0.008916,0.005687,-0.264690,-0.000117,-0.000234,-0.000093
0.008974,0.005755,-0.264599,-0.000108,-0.000238,-0.000095
0.009052,0.005792,-0.264552,-0.000104,-0.000241,-0.000099
0.009124,0.005786,-0.264555,-0.000105,-0.000246,-0.000104
0.009160,0.005747,-0.264607,-0.000108,-0.000252,-0.000111
0.009152,0.005701,-0.264711,-0.000110,-0.000259,-0.000119
0.009124,0.005665,-0.264830,-0.000116,-0.000265,-0.000127
0.009109,0.005657,-0.264867,-0.000122,-0.000265,-0.000134
0.009116,0.005685,-0.264779,-0.000122,-0.000260,-0.000133
0.009131,0.005727,-0.264626,-0.000113,-0.000252,-0.000125
0.009146,0.005755,-0.264495,-0.000098,-0.000244,-0.000112
0.009157,0.005761,-0.264454,-0.000083,-0.000237,-0.000099
0.009148,0.005740,-0.264519,-0.000076,-0.000232,-0.000090
0.009110,0.005700,-0.264632,-0.000079,-0.000230,-0.000090
0.009076,0.005642,-0.264718,-0.000086,-0.000229,-0.000095
0.009090,0.005570,-0.264742,-0.000090,-0.000230,-0.000103
0.009145,0.005500,-0.264692,-0.000091,-0.000232,-0.000113
0.009206,0.005454,-0.264595,-0.000094,-0.000234,-0.000121
0.009249,0.005444,-0.264518,-0.000098,-0.000237,-0.000122
0.009243,0.005467,-0.264521,-0.000101,-0.000244,-0.000116
0.009180,0.005507,-0.264593,-0.000101,-0.000254,-0.000109
0.009101,0.005548,-0.264690,-0.000099,-0.000264,-0.000103
0.009039,0.005588,-0.264789,-0.000100,-0.000269,-0.000100
0.008992,0.005616,-0.264883,-0.000105,-0.000265,-0.000102
0.008968,0.005600,-0.264977,-0.000114,-0.000255,-0.000108
0.008974,0.005532,-0.265051,-0.000125,-0.000241,-0.000112
0.008969,0.005452,-0.265053,-0.000132,-0.000228,-0.000114
0.008923,0.005400,-0.264958,-0.000131,-0.000222,-0.000115
0.008891,0.005379,-0.264789,-0.000126,-0.000225,-0.000118
0.008937,0.005393,-0.264612,-0.000118,-0.000234,-0.000122
-,-,-,-,-,-
-0.002893,0.000206,-0.003809,-0.000201,-0.001074,-0.000191
-0.016223,0.001997,-0.021157,-0.000486,-0.005472,-0.000362
-0.045966,0.006264,-0.058225,-0.001375,-0.015130,-0.000606
-0.088549,0.013623,-0.106719,-0.003133,-0.028192,0.000112
-0.134846,0.023508,-0.151337,-0.005694,-0.039252,0.004038
-0.176085,0.032491,-0.182771,-0.008756,-0.042630,0.012047
-0.205715,0.037315,-0.200674,-0.011586,-0.037234,0.021347
-0.220558,0.039213,-0.208607,-0.012992,-0.026104,0.028407
-0.221638,0.041253,-0.210513,-0.012337,-0.010896,0.032800
-0.212673,0.044875,-0.209922,-0.010607,0.009600,0.036292
-0.197277,0.050714,-0.208807,-0.009807,0.036140,0.040133
-0.177036,0.058857,-0.207796,-0.010817,0.066248,0.044743
-0.152163,0.068561,-0.207642,-0.012384,0.094867,0.050346
-0.123689,0.078340,-0.207999,-0.013046,0.117987,0.056183
-0.092189,0.085003,-0.206538,-0.013290,0.134747,0.060173
-0.056078,0.085592,-0.202325,-0.014079,0.144525,0.060284
-0.014845,0.081182,-0.197834,-0.013841,0.143957,0.055362
0.028432,0.075991,-0.196284,-0.009117,0.130426,0.045296
0.068652,0.072271,-0.197890,0.001006,0.106830,0.031405
0.101402,0.069194,-0.200682,0.012310,0.080581,0.016059
0.125361,0.067426,-0.204296,0.018966,0.059680,0.002089
0.141620,0.069223,-0.208732,0.018830,0.048905,-0.007801
0.150541,0.074669,-0.211574,0.013818,0.048014,-0.012820
0.152527,0.081589,-0.209209,0.006733,0.054090,-0.014834
0.152374,0.087694,-0.199318,-0.000351,0.063800,-0.015963
0.157778,0.092775,-0.182814,-0.006036,0.073344,-0.016334
0.170681,0.097693,-0.163302,-0.009682,0.079924,-0.014957
0.185921,0.101837,-0.144241,-0.011155,0.083786,-0.011766
0.199298,0.105045,-0.126743,-0.010535,0.087318,-0.007715
0.210246,0.108408,-0.108668,-0.008474,0.092071,-0.003562
0.219183,0.111105,-0.086329,-0.006064,0.096478,0.000059
0.226676,0.111038,-0.058697,-0.004010,0.097300,0.002074
0.232999,0.108364,-0.028473,-0.002304,0.092975,0.001711
0.237957,0.105706,0.000891,-0.000704,0.083179,-0.000662
0.241074,0.105461,0.026405,0.000611,0.067328,-0.003855
0.241940,0.107749,0.045199,0.001289,0.046358,-0.006487
0.240931,0.110900,0.055672,0.001636,0.023396,-0.007609
0.239006,0.113245,0.058178,0.002419,0.001296,-0.007354
0.237320,0.114313,0.054099,0.003868,-0.018802,-0.006741
0.236927,0.115033,0.045109,0.005322,-0.037141,-0.006725
0.238028,0.116659,0.033235,0.005888,-0.055308,-0.007653
0.239232,0.118968,0.020836,0.004962,-0.076477,-0.009539
0.236556,0.120830,0.008329,0.002363,-0.103549,-0.012435
0.224477,0.123027,-0.009647,-0.000911,-0.134270,-0.016003
0.201259,0.128073,-0.041927,-0.002036,-0.159778,-0.018775
0.172192,0.136358,-0.091210,0.002568,-0.172001,-0.018629
0.144892,0.143541,-0.148434,0.014624,-0.171016,-0.014489
0.122697,0.142668,-0.197487,0.031423,-0.162496,-0.007117
0.103354,0.130842,-0.226855,0.045990,-0.150860,0.001830
0.082525,0.113055,-0.237417,0.051398,-0.137906,0.010957
0.058100,0.096813,-0.237390,0.045326,-0.125224,0.019552
0.030654,0.085943,-0.233107,0.030414,-0.114407,0.027101
0.000278,0.081031,-0.227366,0.011857,-0.105825,0.032144
-0.033129,0.081027,-0.222004,-0.004882,-0.098679,0.032084
-0.066839,0.083854,-0.218252,-0.016062,-0.092432,0.024793
-0.096532,0.088076,-0.216177,-0.020792,-0.087112,0.010764
-0.119507,0.093296,-0.214528,-0.020422,-0.082162,-0.006120
-0.135835,0.098767,-0.210892,-0.017210,-0.076635,-0.020375
-0.147680,0.103059,-0.203340,-0.013488,-0.070305,-0.028119
-0.157232,0.104722,-0.191729,-0.011170,-0.063893,-0.028809
-0.165316,0.102767,-0.176766,-0.011656,-0.058182,-0.024440
-0.171857,0.097194,-0.159223,-0.016104,-0.052548,-0.017722
-0.177029,0.089185,-0.140734,-0.025213,-0.044987,-0.011046
-0.182194,0.080932,-0.123895,-0.038201,-0.034382,-0.006930
-0.189010,0.074954,-0.110651,-0.051982,-0.021845,-0.008137
-0.197942,0.072992,-0.101271,-0.062125,-0.009732,-0.016228
-0.209028,0.076028,-0.094735,-0.064908,-0.000277,-0.030461
-0.221880,0.084140,-0.089197,-0.058785,0.005342,-0.047820
-0.234165,0.094997,-0.083656,-0.045190,0.006967,-0.063523
-0.243007,0.103101,-0.080095,-0.027854,0.005315,-0.072821
-0.246894,0.102428,-0.081942,-0.010392,0.002976,-0.073557
-0.245115,0.091543,-0.090016,0.005089,0.003593,-0.066669
-0.238129,0.074388,-0.101368,0.017140,0.008813,-0.054427
-0.228153,0.055580,-0.112006,0.024203,0.017869,-0.039201
-0.217634,0.037850,-0.120187,0.025626,0.029476,-0.023385
-0.207979,0.023030,-0.127452,0.023212,0.042504,-0.008830
-0.199724,0.012849,-0.136639,0.020885,0.055455,0.003926
-0.193233,0.008364,-0.148276,0.021377,0.064991,0.014620
-0.188999,0.007907,-0.159522,0.023398,0.066549,0.021587
-0.186927,0.007340,-0.167512,0.023537,0.059415,0.022618
-0.184920,0.004269,-0.172612,0.020226,0.048630,0.017215
-0.179576,0.000292,-0.177639,0.014963,0.039843,0.007617
-0.169905,-0.002181,-0.184708,0.010555,0.035851,-0.001740
-0.158368,-0.003381,-0.193598,0.008768,0.037615,-0.006626
-0.147114,-0.004519,-0.203126,0.009425,0.043740,-0.005652
-0.136083,-0.005646,-0.212993,0.011120,0.050357,-0.000389
-0.124798,-0.006724,-0.223094,0.012405,0.054646,0.006435
-0.113394,-0.008454,-0.231772,0.012148,0.056174,0.012188
-0.101993,-0.010996,-0.237387,0.009358,0.054524,0.014788
-0.090589,-0.012814,-0.241196,0.004266,0.048649,0.013878
-0.080496,-0.013203,-0.245910,-0.001172,0.038995,0.011502
-0.073459,-0.013356,-0.252326,-0.005430,0.028451,0.010077
-0.068286,-0.012955,-0.258820,-0.008501,0.020157,0.010460
-0.062205,-0.010454,-0.263249,-0.010375,0.015500,0.012378
-0.054625,-0.005828,-0.264693,-0.010328,0.014369,0.015116
-0.046464,-0.000511,-0.264200,-0.008045,0.015455,0.018011
-0.038076,0.003007,-0.263895,-0.004366,0.016326,0.020757
-0.029602,0.002291,-0.264175,-0.000665,0.015222,0.022548
-0.022015,-0.001910,-0.264461,0.002003,0.012671,0.021954
-0.017235,-0.005634,-0.266283,0.003250,0.009704,0.018355
-0.017601,-0.005739,-0.269541,0.003271,0.005958,0.012414
-0.023741,-0.001854,-0.269109,0.002591,0.001654,0.005521
-0.031631,0.003929,-0.261926,0.001700,-0.001172,-0.000891
-0.034345,0.008255,-0.253448,0.000915,-0.001391,-0.005851
-0.029027,0.009012,-0.251039,0.000499,0.000270,-0.008664
-0.019929,0.006531,-0.254597,0.000438,0.003391,-0.009000
-0.012431,0.002758,-0.259957,0.000436,0.007967,-0.007298
-0.007484,0.000380,-0.265790,0.000313,0.012773,-0.004741
-0.003758,0.001424,-0.271428,0.000075,0.015948,-0.002935
-0.001192,0.004995,-0.274006,-0.000219,0.017130,-0.003083
-0.000118,0.006563,-0.272387,-0.000790,0.017415,-0.004938
0.001243,0.000750,-0.272702,-0.002163,0.017145,-0.006850
0.005243,-0.012040,-0.282412,-0.004094,0.015466,-0.007315
0.011163,-0.023948,-0.297327,-0.005367,0.012011,-0.006144
0.015998,-0.027850,-0.306000,-0.005238,0.007577,-0.004075
0.017843,-0.023145,-0.303750,-0.004000,0.003380,-0.001953
0.016876,-0.013553,-0.293673,-0.002349,0.000289,-0.000343
0.014319,-0.003378,-0.280998,-0.000874,-0.001420,0.000557
0.011479,0.004449,-0.269995,0.000114,-0.001937,0.000826
0.009267,0.008842,-0.262811,0.000573,-0.001681,0.000685
0.008045,0.010167,-0.259657,0.000622,-0.001095,0.000368
0.007727,0.009502,-0.259537,0.000441,-0.000514,0.000050
0.007998,0.007995,-0.261028,0.000191,-0.000114,-0.000175
0.008488,0.006500,-0.262920,-0.000022,0.000065,-0.000284
0.008916,0.005464,-0.264491,-0.000154,0.000067,-0.000297
0.009170,0.004999,-0.265441,-0.000210,-0.000030,-0.000254
0.009264,0.005000,-0.265780,-0.000213,-0.000153,-0.000191
0.009252,0.005259,-0.265692,-0.000188,-0.000255,-0.000132